1 0.92578125 0.475 0.146875 0.171875
1 0.8234375 0.49140625 0.1796875 0.14453125
1 0.03984375 0.55390625 0.0796875 0.2125
1 0.1640625 0.51953125 0.04296875 0.07421875
1 0.20390625 0.5109375 0.0375 0.06875
1 0.234375 0.5140625 0.05859375 0.07421875
1 0.3078125 0.503125 0.13125 0.0953125
1 0.4546875 0.5046875 0.103125 0.08984375
1 0.4953125 0.49609375 0.078125 0.078125
1 0.58515625 0.48515625 0.1734375 0.1171875
1 0.6140625 0.48828125 0.0640625 0.084375
1 0.63125 0.48828125 0.0953125 0.1234375
1 0.696875 0.4875 0.15 0.1
1 0.70703125 0.49140625 0.1625 0.1234375