1 0.03515625 0.55 0.05859375 0.07421875
1 0.17578125 0.53203125 0.0640625 0.0484375
1 0.1796875 0.5375 0.0640625 0.04296875
1 0.4109375 0.54296875 0.103125 0.12890625
1 0.45390625 0.53125 0.0234375 0.0703125
1 0.45625 0.534375 0.025 0.0765625
1 0.5390625 0.540625 0.0609375 0.078125
1 0.5703125 0.55390625 0.040625 0.103125
1 0.5765625 0.54609375 0.0484375 0.10546875
1 0.63671875 0.55390625 0.11875 0.140625
1 0.6375 0.553125 0.115625 0.125
1 0.84296875 0.5796875 0.30859375 0.3578125
1 0.7984375 0.57109375 0.21875 0.3109375