1 0.1171875 0.50703125 0.04296875 0.05078125
1 0.1671875 0.50625 0.0375 0.0390625
1 0.1859375 0.50078125 0.03125 0.0484375
1 0.1984375 0.503125 0.0375 0.040625
1 0.21875 0.49140625 0.05078125 0.0484375
1 0.22734375 0.5015625 0.0296875 0.040625
1 0.27734375 0.49609375 0.071875 0.0921875
1 0.43046875 0.48515625 0.03125 0.05859375
1 0.471875 0.490625 0.0296875 0.040625
1 0.5046875 0.4953125 0.040625 0.0546875
1 0.5875 0.48828125 0.0375 0.1109375
1 0.603125 0.47734375 0.0625 0.1109375
1 0.63359375 0.49609375 0.0765625 0.1015625
1 0.68359375 0.490625 0.05078125 0.05625
1 0.81640625 0.478125 0.0875 0.05625
1 0.82421875 0.48125 0.08984375 0.0609375
1 0.896875 0.4765625 0.06875 0.0609375