2 0.05859375 0.4890625 0.1171875 0.1859375
1 0.1171875 0.56328125 0.10546875 0.1109375
1 0.17578125 0.471875 0.12109375 0.1234375
2 0.184375 0.49140625 0.13125 0.1421875
1 0.28828125 0.62421875 0.2828125 0.3453125
2 0.4046875 0.5296875 0.12890625 0.19140625
1 0.43359375 0.51953125 0.078125 0.259375
1 0.50859375 0.5375 0.05625 0.084375
1 0.53125 0.5328125 0.0296875 0.1109375
1 0.5859375 0.52734375 0.1078125 0.15234375
1 0.6546875 0.5578125 0.17578125 0.18125
2 0.75078125 0.48046875 0.109375 0.19375