1 0.0625 0.5171875 0.109375 0.1171875
4 0.07109375 0.08515625 0.109375 0.15625
1 0.1765625 0.4984375 0.1 0.0609375
1 0.25703125 0.50390625 0.078125 0.0875
1 0.25625 0.5109375 0.06875 0.0625
1 0.31875 0.51953125 0.0921875 0.0859375
1 0.3265625 0.5140625 0.084375 0.0765625
1 0.38125 0.4828125 0.046875 0.0625
1 0.4140625 0.4921875 0.06640625 0.07421875
1 0.46875 0.49375 0.0328125 0.0390625
4 0.5703125 0.0296875 0.025 0.05625
4 0.565625 0.36015625 0.01171875 0.05078125
4 0.65234375 0.35546875 0.015625 0.0390625
5 0.72578125 0.4109375 0.015625 0.0453125
4 0.80078125 0.0734375 0.025 0.08984375
3 0.87421875 0.4734375 0.0234375 0.0703125
3 0.8875 0.48125 0.021875 0.053125
0 0.91015625 0.496875 0.0234375 0.09765625
3 0.94375 0.490625 0.025 0.103125
3 0.94453125 0.496875 0.01171875 0.084375