3 0.06171875 0.51953125 0.01953125 0.0796875
3 0.084375 0.525 0.0171875 0.09375
3 0.096875 0.51953125 0.0140625 0.084375
2 0.17265625 0.48828125 0.15 0.17578125
2 0.3078125 0.475 0.084375 0.165625
1 0.39921875 0.503125 0.05625 0.071875
0 0.45234375 0.50859375 0.0296875 0.0859375
3 0.67578125 0.4765625 0.021875 0.07421875
3 0.70625 0.4625 0.01953125 0.0640625
3 0.721875 0.46171875 0.025 0.07421875
3 0.79765625 0.4515625 0.021875 0.0921875
1 0.846875 0.49375 0.0453125 0.040625
1 0.95625 0.490625 0.0609375 0.0625