1 0.08125 0.57109375 0.1421875 0.109375
1 0.190625 0.53828125 0.071875 0.046875
1 0.37421875 0.53828125 0.06640625 0.0703125
1 0.415625 0.53125 0.046875 0.0546875
1 0.41328125 0.53046875 0.03515625 0.0546875
8 0.42890625 0.2765625 0.01953125 0.05078125
8 0.428125 0.2734375 0.0171875 0.046875
1 0.51484375 0.5046875 0.06875 0.12109375
2 0.5125 0.50703125 0.0625 0.11328125
5 0.5421875 0.2671875 0.0234375 0.071875
5 0.540625 0.26484375 0.01953125 0.05625
1 0.5546875 0.521875 0.03515625 0.05625
1 0.63984375 0.51484375 0.0375 0.0453125
0 0.6515625 0.525 0.021875 0.0640625
5 0.715625 0.40703125 0.021875 0.071875
5 0.715625 0.4 0.0140625 0.0453125
1 0.85 0.528125 0.1703125 0.08984375