1 0.07109375 0.56171875 0.0546875 0.053125
1 0.0734375 0.5640625 0.04296875 0.0390625
1 0.1265625 0.55390625 0.046875 0.0453125
1 0.2328125 0.54609375 0.1484375 0.16796875
1 0.3796875 0.53125 0.040625 0.0640625
1 0.42890625 0.5296875 0.0484375 0.071875
1 0.4703125 0.51875 0.040625 0.07421875
1 0.47265625 0.51484375 0.0296875 0.046875
1 0.590625 0.56953125 0.1625 0.18125
2 0.68125 0.52734375 0.0765625 0.0484375
1 0.7171875 0.5296875 0.09375 0.0625
3 0.84296875 0.53515625 0.0375 0.140625
3 0.853125 0.525 0.02734375 0.16015625
3 0.853125 0.51953125 0.0171875 0.1546875