2 0.03828125 0.578125 0.0765625 0.12109375
1 0.03515625 0.571875 0.06640625 0.109375
2 0.11328125 0.5609375 0.0859375 0.03515625
1 0.18125 0.625 0.146875 0.14453125
1 0.2671875 0.60859375 0.078125 0.1078125
1 0.303125 0.58671875 0.0328125 0.04296875
1 0.325 0.584375 0.0296875 0.03515625
1 0.40546875 0.56875 0.021875 0.02734375
1 0.4859375 0.6 0.021875 0.08203125
1 0.51171875 0.6 0.040625 0.08984375
1 0.51875 0.603125 0.053125 0.09765625
1 0.55859375 0.615625 0.0953125 0.1078125
4 0.7140625 0.32109375 0.0375 0.1265625