5 0.2890625 0.453125 0.01953125 0.040625
1 0.36640625 0.4984375 0.03125 0.046875
1 0.36875 0.496875 0.0296875 0.0375
2 0.39921875 0.48359375 0.0609375 0.07421875
2 0.4015625 0.4796875 0.0453125 0.08203125
1 0.44609375 0.5015625 0.0484375 0.05625
5 0.44609375 0.39375 0.0171875 0.0375
1 0.49140625 0.4921875 0.0328125 0.0390625
5 0.51484375 0.396875 0.0234375 0.0375
5 0.51640625 0.4 0.01171875 0.03125
1 0.56171875 0.5015625 0.05078125 0.05078125
5 0.5671875 0.44453125 0.0171875 0.03515625
5 0.56640625 0.44609375 0.015625 0.0296875
5 0.60859375 0.43125 0.0171875 0.02734375
5 0.609375 0.43359375 0.01171875 0.0375
1 0.73046875 0.553125 0.1953125 0.23828125