1 0.96953125 0.646875 0.05859375 0.1578125
1 0.05625 0.5625 0.1109375 0.115625
3 0.89140625 0.51953125 0.0296875 0.18125
3 0.8515625 0.53046875 0.0328125 0.1625
1 0.13984375 0.5390625 0.08984375 0.1078125
1 0.14765625 0.53125 0.0796875 0.13125
1 0.2015625 0.5234375 0.05859375 0.0765625
1 0.23125 0.51953125 0.025 0.0703125
1 0.25390625 0.51953125 0.0234375 0.0625
1 0.403125 0.51875 0.05625 0.08984375
1 0.4578125 0.53515625 0.09375 0.109375
1 0.45625 0.53515625 0.0765625 0.0953125
1 0.60859375 0.53125 0.0796875 0.1421875
1 0.709375 0.5609375 0.1625 0.1578125