1 0.153125 0.57109375 0.103125 0.1078125
1 0.21015625 0.57109375 0.04296875 0.0609375
6 0.21484375 0.2234375 0.0296875 0.078125
8 0.2125 0.22734375 0.01953125 0.0765625
1 0.2453125 0.56875 0.0390625 0.0609375
1 0.278125 0.55546875 0.0328125 0.06875
2 0.3265625 0.5375 0.0609375 0.078125
1 0.3734375 0.559375 0.0484375 0.06640625
5 0.375 0.23359375 0.015625 0.0640625
1 0.43671875 0.5640625 0.071875 0.1
5 0.6234375 0.4 0.015625 0.06640625
3 0.7625 0.56875 0.03515625 0.146875
3 0.8109375 0.5671875 0.03515625 0.15625