1 0.05546875 0.478125 0.1109375 0.31640625
2 0.14765625 0.403125 0.1890625 0.2796875
1 0.284375 0.490625 0.09765625 0.13125
7 0.3453125 0.3703125 0.01953125 0.0328125
1 0.35078125 0.49921875 0.025 0.071875
7 0.346875 0.38203125 0.0140625 0.0328125
7 0.384375 0.371875 0.0140625 0.02734375
7 0.3859375 0.38125 0.0140625 0.025
1 0.41328125 0.4984375 0.0625 0.09375
7 0.44140625 0.375 0.0140625 0.0296875
7 0.4421875 0.378125 0.015625 0.0296875
1 0.50625 0.50703125 0.06875 0.09375
7 0.48515625 0.3765625 0.01953125 0.0375
7 0.48359375 0.3765625 0.0140625 0.02734375
1 0.60859375 0.48125 0.09765625 0.0765625
7 0.56875 0.4203125 0.01171875 0.02734375
1 0.6109375 0.484375 0.0921875 0.0625
7 0.7390625 0.35625 0.0234375 0.0375
1 0.82734375 0.46875 0.08203125 0.05625