3 0.984375 0.46796875 0.0296875 0.12109375
3 0.04765625 0.56171875 0.05078125 0.1328125
3 0.046875 0.5546875 0.025 0.13125
1 0.121875 0.5515625 0.09765625 0.1078125
1 0.121875 0.55625 0.0765625 0.084375
1 0.22734375 0.5421875 0.0859375 0.1078125
1 0.2875 0.525 0.0234375 0.0484375
1 0.365625 0.5140625 0.0390625 0.0625
1 0.4328125 0.51953125 0.05625 0.06875
1 0.4359375 0.51953125 0.046875 0.05859375
3 0.57109375 0.50859375 0.0171875 0.1265625
4 0.5828125 0.30859375 0.02734375 0.08984375
3 0.5859375 0.51875 0.01953125 0.1265625
3 0.5953125 0.5171875 0.021875 0.11875
3 0.6203125 0.503125 0.02734375 0.13125