7 0.2296875 0.42265625 0.0234375 0.0390625
1 0.3328125 0.49375 0.134375 0.203125
1 0.33671875 0.5 0.10546875 0.14453125
7 0.4265625 0.340625 0.021875 0.0390625
8 0.425 0.35 0.0171875 0.05078125
1 0.50703125 0.47734375 0.0875 0.071875
7 0.4875 0.35 0.021875 0.03125
7 0.48828125 0.3578125 0.0140625 0.0390625
7 0.59296875 0.4140625 0.0171875 0.03515625
1 0.71171875 0.5109375 0.15 0.165625
1 0.709375 0.51171875 0.13671875 0.12109375
7 0.74296875 0.33125 0.02734375 0.06875
7 0.74609375 0.3359375 0.025 0.06640625