1 0.0484375 0.56953125 0.096875 0.2109375
1 0.053125 0.56640625 0.10546875 0.1953125
1 0.1078125 0.5640625 0.0953125 0.1953125
1 0.1265625 0.5265625 0.07421875 0.13671875
1 0.14140625 0.528125 0.04296875 0.134375
1 0.190625 0.52421875 0.07421875 0.1109375
1 0.1890625 0.5296875 0.06640625 0.115625
1 0.29296875 0.5125 0.09375 0.078125
3 0.2890625 0.50078125 0.02734375 0.11875
3 0.2890625 0.5 0.021875 0.12109375
3 0.31953125 0.503125 0.01953125 0.1015625
3 0.32109375 0.503125 0.01953125 0.12109375
2 0.3484375 0.50703125 0.0234375 0.0796875
2 0.371875 0.49609375 0.06875 0.078125
3 0.440625 0.546875 0.0453125 0.334375
2 0.44609375 0.478125 0.0484375 0.1109375
3 0.48515625 0.546875 0.07421875 0.32421875
1 0.50078125 0.51171875 0.046875 0.0609375
1 0.5 0.51171875 0.04296875 0.05625
2 0.5109375 0.45234375 0.053125 0.08984375
3 0.709375 0.490625 0.0296875 0.134375
3 0.7125 0.496875 0.01953125 0.134375
3 0.7203125 0.4953125 0.015625 0.1265625
1 0.95390625 0.58125 0.0921875 0.225