1 0.01640625 0.58203125 0.0328125 0.146875
2 0.0765625 0.5015625 0.1078125 0.0859375
1 0.09375 0.5765625 0.1390625 0.178125
1 0.28515625 0.59296875 0.321875 0.42578125
8 0.31875 0.33203125 0.0171875 0.05078125
7 0.41484375 0.325 0.0140625 0.0390625
7 0.49296875 0.32734375 0.0140625 0.046875
1 0.58984375 0.53203125 0.1109375 0.0640625
1 0.7140625 0.57109375 0.17578125 0.17578125
7 0.68046875 0.41484375 0.0140625 0.04296875
1 0.80625 0.51953125 0.084375 0.07421875
7 0.93125 0.246875 0.0390625 0.1234375
3 0.96484375 0.53984375 0.03515625 0.1171875