1 0.175 0.5515625 0.05859375 0.0796875
1 0.17578125 0.553125 0.0546875 0.0546875
1 0.228125 0.54609375 0.040625 0.0484375
8 0.28203125 0.3546875 0.0171875 0.0546875
7 0.28203125 0.3515625 0.015625 0.04296875
1 0.36640625 0.54296875 0.03515625 0.0453125
5 0.36796875 0.3625 0.01953125 0.053125
5 0.3703125 0.37109375 0.0171875 0.03515625
1 0.4078125 0.5375 0.0375 0.04296875
5 0.44453125 0.37421875 0.0171875 0.0484375
5 0.44453125 0.3796875 0.01953125 0.040625
1 0.47734375 0.53828125 0.04296875 0.05625
1 0.51640625 0.553125 0.09375 0.1015625
1 0.56328125 0.53828125 0.03125 0.05078125
1 0.5921875 0.45234375 0.021875 0.046875
5 0.59375 0.459375 0.021875 0.03515625
1 0.6734375 0.5484375 0.1 0.0921875
5 0.82421875 0.36796875 0.025 0.09375
1 0.9234375 0.584375 0.1484375 0.1796875