3 0.89453125 0.5375 0.084375 0.3375
3 0.82109375 0.55390625 0.06640625 0.3140625
3 0.11328125 0.559375 0.0171875 0.14453125
3 0.1140625 0.5578125 0.0140625 0.14453125
3 0.12421875 0.565625 0.0140625 0.13125
3 0.1375 0.565625 0.01953125 0.12109375
3 0.14140625 0.56640625 0.01953125 0.1234375
3 0.2765625 0.55859375 0.0171875 0.07421875
3 0.28515625 0.56328125 0.01171875 0.06640625
1 0.3609375 0.57109375 0.046875 0.053125
3 0.3625 0.56953125 0.04296875 0.0546875
1 0.4375 0.56953125 0.040625 0.0546875
3 0.584375 0.55390625 0.0328125 0.1546875
3 0.58515625 0.55390625 0.025 0.15
3 0.746875 0.553125 0.03515625 0.1875