1 0.03046875 0.58203125 0.05859375 0.1890625
1 0.9078125 0.590625 0.18125 0.2734375
3 0.86328125 0.60234375 0.0859375 0.3984375
1 0.071875 0.578125 0.08984375 0.1265625
1 0.11015625 0.565625 0.0703125 0.109375
1 0.146875 0.55390625 0.0796875 0.103125
1 0.20625 0.55390625 0.071875 0.0796875
1 0.240625 0.5375 0.09765625 0.0953125
1 0.35078125 0.53046875 0.05625 0.0796875
1 0.4640625 0.53125 0.05625 0.0703125
1 0.60234375 0.528125 0.078125 0.0796875
1 0.61796875 0.54296875 0.0484375 0.1078125
1 0.69609375 0.54375 0.14453125 0.15234375
1 0.7125 0.55078125 0.115625 0.15234375
1 0.7984375 0.57421875 0.19921875 0.21484375