1 0.0515625 0.5390625 0.1015625 0.15
1 0.86015625 0.54609375 0.2796875 0.34375
1 0.14921875 0.515625 0.1015625 0.12109375
1 0.15 0.5109375 0.103125 0.0859375
1 0.2140625 0.5015625 0.040625 0.08984375
1 0.253125 0.490625 0.05859375 0.07421875
1 0.25390625 0.49140625 0.0546875 0.06875
1 0.3 0.4890625 0.040625 0.05078125
1 0.4890625 0.490625 0.040625 0.05625
1 0.53203125 0.49140625 0.0703125 0.078125
1 0.5375 0.4984375 0.07421875 0.103125
1 0.678125 0.52421875 0.115625 0.21875
1 0.70703125 0.521875 0.15625 0.196875