0 0.38359375 0.4796875 0.009375 0.03515625
1 0.19140625 0.48046875 0.05625 0.03515625
1 0.40703125 0.48046875 0.0296875 0.040625
1 0.43359375 0.4765625 0.0171875 0.03125
1 0.46015625 0.4796875 0.0296875 0.03515625
7 0.49140625 0.36640625 0.0140625 0.03125
7 0.4953125 0.36875 0.01171875 0.03125
7 0.5390625 0.371875 0.0140625 0.0328125
7 0.5390625 0.36640625 0.01171875 0.03125
7 0.57734375 0.378125 0.015625 0.0328125
7 0.58125 0.375 0.01171875 0.03125
7 0.6578125 0.421875 0.015625 0.02734375
7 0.659375 0.43046875 0.0171875 0.04296875
7 0.7015625 0.40625 0.015625 0.040625
7 0.7015625 0.39921875 0.0140625 0.025
1 0.75390625 0.4796875 0.0796875 0.0453125
1 0.85859375 0.47734375 0.0859375 0.06640625