8 0.1 0.459375 0.0234375 0.0546875
8 0.1 0.45234375 0.01953125 0.05078125
1 0.2546875 0.609375 0.2953125 0.36875
1 0.39140625 0.57421875 0.13125 0.1625
8 0.34765625 0.4375 0.01953125 0.0546875
5 0.47578125 0.36875 0.0171875 0.0546875
1 0.5125 0.54765625 0.040625 0.05078125
4 0.52734375 0.44921875 0.0171875 0.05078125
4 0.7109375 0.321875 0.03515625 0.1109375
3 0.7390625 0.540625 0.021875 0.071875
3 0.7609375 0.53828125 0.021875 0.06640625
1 0.896875 0.565625 0.0796875 0.0953125
1 0.9359375 0.578125 0.0796875 0.09375