3 0.79375 0.48828125 0.0296875 0.1328125
3 0.009375 0.5546875 0.0171875 0.084375
3 0.025 0.56875 0.015625 0.0703125
3 0.034375 0.546875 0.015625 0.0609375
3 0.0515625 0.54296875 0.01953125 0.0625
3 0.06640625 0.54296875 0.0140625 0.06640625
3 0.075 0.540625 0.01953125 0.06875
3 0.07890625 0.53828125 0.0171875 0.0625
3 0.0953125 0.54375 0.0140625 0.0859375
3 0.16875 0.5453125 0.0703125 0.196875
7 0.17109375 0.41328125 0.0140625 0.0390625
1 0.30625 0.621875 0.23046875 0.265625
3 0.2359375 0.4796875 0.0390625 0.115625
1 0.4046875 0.55 0.0453125 0.0953125
1 0.41796875 0.53203125 0.0546875 0.071875
7 0.49296875 0.38671875 0.0171875 0.05625
3 0.6109375 0.52734375 0.0234375 0.0921875
3 0.609375 0.5265625 0.0171875 0.0859375
3 0.65546875 0.53984375 0.053125 0.1796875
3 0.77265625 0.5359375 0.03515625 0.178125