1 0.12578125 0.5921875 0.2046875 0.2171875
1 0.24140625 0.54296875 0.053125 0.0859375
1 0.29296875 0.546875 0.0625 0.0796875
1 0.328125 0.54765625 0.03125 0.06640625
1 0.378125 0.54609375 0.053125 0.0625
6 0.36796875 0.33515625 0.025 0.06640625
6 0.4328125 0.3828125 0.02734375 0.078125
5 0.4328125 0.38359375 0.0171875 0.05078125
1 0.47265625 0.53125 0.01953125 0.053125
1 0.48515625 0.528125 0.0171875 0.05625
1 0.5265625 0.5453125 0.08203125 0.103125
1 0.5484375 0.52734375 0.01953125 0.06875
1 0.56640625 0.5359375 0.0296875 0.071875
5 0.59375 0.31171875 0.03125 0.09765625
1 0.72265625 0.60078125 0.24609375 0.2359375
1 0.61875 0.53984375 0.0375 0.0640625
3 0.815625 0.53203125 0.0234375 0.06640625
5 0.8296875 0.4421875 0.021875 0.06875
5 0.871875 0.4375 0.01171875 0.0484375