1 0.2046875 0.640625 0.4078125 0.3734375
3 0.34375 0.4921875 0.02734375 0.0625
3 0.4046875 0.5296875 0.040625 0.134375
1 0.434375 0.5203125 0.0546875 0.06640625
3 0.4359375 0.51953125 0.025 0.125
3 0.4765625 0.5234375 0.0375 0.146875
3 0.5203125 0.5109375 0.0234375 0.0953125
3 0.51953125 0.50078125 0.015625 0.078125
3 0.53828125 0.50859375 0.0171875 0.103125
4 0.58203125 0.3078125 0.0296875 0.0921875
3 0.9015625 0.48046875 0.03515625 0.1390625
3 0.90234375 0.478125 0.02734375 0.14453125
3 0.94609375 0.48125 0.0328125 0.14453125
3 0.984375 0.48046875 0.0296875 0.1578125
3 0.98515625 0.471875 0.021875 0.140625