1 0.9515625 0.54296875 0.09375 0.19921875
3 0.115625 0.55390625 0.040625 0.134375
1 0.13203125 0.55078125 0.0328125 0.1234375
3 0.13125 0.54765625 0.0171875 0.134375
3 0.16875 0.5265625 0.025 0.084375
3 0.16875 0.528125 0.021875 0.0796875
3 0.24296875 0.53046875 0.03125 0.12109375
0 0.26171875 0.52265625 0.02734375 0.071875
0 0.2640625 0.521875 0.0140625 0.0640625
0 0.2875 0.521875 0.01953125 0.05625
1 0.3484375 0.51640625 0.0453125 0.04296875
1 0.40546875 0.521875 0.10546875 0.05625
1 0.409375 0.51953125 0.1078125 0.06640625
3 0.46171875 0.546875 0.03125 0.1109375
3 0.496875 0.5296875 0.03515625 0.1421875
1 0.53515625 0.51171875 0.09765625 0.09375
3 0.6296875 0.60859375 0.125 0.43359375
3 0.63984375 0.56875 0.05625 0.34375
3 0.63984375 0.5765625 0.0453125 0.35
3 0.6984375 0.58203125 0.0953125 0.4609375
3 0.79609375 0.5875 0.0875 0.3734375