2 0.08671875 0.4859375 0.0546875 0.103125
2 0.1109375 0.49140625 0.0796875 0.0953125
1 0.1234375 0.51484375 0.0296875 0.06640625
1 0.1578125 0.5109375 0.0625 0.04296875
1 0.23125 0.4984375 0.0640625 0.0640625
1 0.23125 0.496875 0.053125 0.0546875
1 0.2953125 0.49609375 0.0484375 0.0546875
1 0.36015625 0.49140625 0.0375 0.05625
7 0.415625 0.44609375 0.015625 0.03125
5 0.465625 0.4015625 0.015625 0.0328125
1 0.51953125 0.4984375 0.0328125 0.04296875
1 0.5234375 0.49375 0.0296875 0.03515625
5 0.546875 0.45 0.01171875 0.0375
5 0.55546875 0.44921875 0.01171875 0.0296875
1 0.5859375 0.509375 0.053125 0.078125
2 0.615625 0.45234375 0.05625 0.0625