3 0.0875 0.521875 0.01953125 0.0546875
1 0.1234375 0.55390625 0.0796875 0.103125
1 0.22734375 0.5484375 0.0796875 0.11875
3 0.20234375 0.5375 0.02734375 0.14453125
3 0.209375 0.54375 0.0171875 0.1328125
3 0.22578125 0.53125 0.01953125 0.1546875
3 0.278125 0.5375 0.0296875 0.13125
3 0.284375 0.5328125 0.02734375 0.1265625
3 0.28203125 0.53515625 0.021875 0.1234375
3 0.3328125 0.5328125 0.02734375 0.13125
3 0.39140625 0.525 0.0375 0.146875
1 0.434375 0.5203125 0.0546875 0.06640625
3 0.43359375 0.5203125 0.02734375 0.134375
3 0.52265625 0.5109375 0.0234375 0.0953125
3 0.525 0.503125 0.015625 0.078125
4 0.58203125 0.3078125 0.0296875 0.0921875
3 0.8890625 0.4828125 0.03515625 0.1390625
3 0.9203125 0.48359375 0.0328125 0.14453125
3 0.95234375 0.48515625 0.0296875 0.1578125
3 0.98125 0.46875 0.0171875 0.134375