3 0.025 0.54609375 0.0171875 0.1015625
3 0.040625 0.5703125 0.0171875 0.0546875
3 0.05859375 0.55078125 0.02734375 0.12890625
3 0.05859375 0.54375 0.0234375 0.1109375
1 0.1265625 0.55546875 0.078125 0.08203125
3 0.09765625 0.5203125 0.0171875 0.0484375
1 0.22734375 0.5453125 0.084375 0.09375
1 0.28203125 0.5296875 0.03125 0.06640625
1 0.309375 0.51953125 0.03125 0.06640625
1 0.4359375 0.521875 0.0484375 0.0546875
3 0.50859375 0.5015625 0.0140625 0.084375
3 0.5203125 0.50625 0.01953125 0.0859375
3 0.52421875 0.5015625 0.015625 0.0796875
3 0.53984375 0.496875 0.015625 0.08203125
4 0.58203125 0.31328125 0.02734375 0.09765625
1 0.71484375 0.525 0.275 0.1578125
3 0.8328125 0.4734375 0.01953125 0.1
3 0.85 0.48359375 0.025 0.1234375
3 0.98515625 0.48046875 0.025 0.1625