3 0.984375 0.4796875 0.0296875 0.18125
1 0.928125 0.7453125 0.140625 0.4078125
3 0.10859375 0.57109375 0.03515625 0.2109375
3 0.115625 0.56875 0.040625 0.2109375
3 0.1140625 0.57109375 0.0171875 0.2203125
3 0.1546875 0.56640625 0.03125 0.240625
7 0.1515625 0.39375 0.021875 0.06640625
3 0.18359375 0.56875 0.03125 0.240625
3 0.246875 0.5546875 0.0453125 0.240625
3 0.2484375 0.5609375 0.025 0.2515625
3 0.328125 0.56875 0.0484375 0.234375
1 0.37109375 0.51484375 0.009375 0.0390625
3 0.39453125 0.55078125 0.03515625 0.2484375
3 0.4984375 0.51875 0.03515625 0.103125
1 0.50859375 0.5125 0.0453125 0.06640625
3 0.56328125 0.54296875 0.0390625 0.2046875
7 0.578125 0.37421875 0.021875 0.06640625
3 0.60234375 0.54609375 0.05078125 0.209375
3 0.60234375 0.540625 0.04296875 0.1890625
3 0.646875 0.5359375 0.0453125 0.2359375
3 0.6515625 0.5390625 0.0328125 0.225
3 0.67578125 0.5453125 0.05625 0.24375