1 0.03046875 0.5671875 0.05859375 0.2203125
3 0.0234375 0.525 0.021875 0.06875
1 0.11875 0.53125 0.15234375 0.165625
1 0.25 0.5109375 0.115625 0.071875
1 0.3171875 0.51171875 0.0375 0.05625
1 0.33203125 0.503125 0.05859375 0.0609375
1 0.32890625 0.5078125 0.03515625 0.05859375
1 0.409375 0.5 0.0609375 0.084375
1 0.4890625 0.509375 0.09375 0.084375
1 0.553125 0.50859375 0.03515625 0.05625
1 0.584375 0.51640625 0.025 0.07421875
1 0.6078125 0.521875 0.0453125 0.1640625
1 0.70703125 0.51171875 0.23046875 0.20703125
1 0.69921875 0.51484375 0.1859375 0.20703125
1 0.82109375 0.5453125 0.3046875 0.2171875