0 0.021875 0.54765625 0.0328125 0.0875
0 0.01953125 0.54296875 0.01953125 0.0703125
1 0.12421875 0.53125 0.09375 0.1
2 0.128125 0.5296875 0.09375 0.0875
1 0.19921875 0.5390625 0.0765625 0.06640625
1 0.203125 0.503125 0.06640625 0.0375
2 0.2015625 0.51484375 0.05625 0.05078125
2 0.29609375 0.484375 0.109375 0.17578125
1 0.35859375 0.5203125 0.0328125 0.03515625
1 0.3953125 0.51953125 0.03515625 0.04296875
8 0.42109375 0.315625 0.01953125 0.0546875
1 0.51640625 0.5109375 0.0765625 0.0875
7 0.50078125 0.3171875 0.021875 0.0625
7 0.64453125 0.4125 0.021875 0.0640625
1 0.96484375 0.528125 0.0625 0.084375