4 0.5203125 0.3109375 0.0328125 0.0921875
4 0.0171875 0.35703125 0.034375 0.0984375
3 0.02265625 0.559375 0.04296875 0.12109375
3 0.13671875 0.5484375 0.0484375 0.134375
1 0.28515625 0.5203125 0.228125 0.2046875
3 0.5734375 0.50703125 0.0390625 0.1234375
3 0.5984375 0.48125 0.03125 0.0859375
3 0.59765625 0.5015625 0.0234375 0.0796875
3 0.66015625 0.503125 0.0390625 0.1078125
3 0.81171875 0.496875 0.05078125 0.171875
3 0.8515625 0.48046875 0.0453125 0.1390625
1 0.9734375 0.51953125 0.0484375 0.1265625