1 0.05859375 0.53984375 0.053125 0.0609375
1 0.06328125 0.5375 0.0484375 0.05625
1 0.0875 0.49140625 0.0328125 0.03125
1 0.0953125 0.525 0.0375 0.0609375
1 0.10078125 0.52421875 0.04296875 0.0546875
1 0.14140625 0.53046875 0.06875 0.06640625
1 0.14375 0.53125 0.0703125 0.071875
2 0.23046875 0.50859375 0.071875 0.09765625
1 0.23359375 0.5140625 0.0703125 0.1
6 0.303125 0.4171875 0.01953125 0.053125
8 0.303125 0.4265625 0.01953125 0.05625
1 0.34765625 0.4828125 0.01953125 0.0484375
1 0.371875 0.503125 0.053125 0.0859375
1 0.38125 0.46875 0.02734375 0.021875
1 0.409375 0.4921875 0.0328125 0.0484375
1 0.4171875 0.46796875 0.0234375 0.0296875
1 0.46953125 0.51953125 0.071875 0.10546875
1 0.5 0.48359375 0.021875 0.0328125
1 0.5375 0.490625 0.0546875 0.05078125
1 0.53203125 0.4875 0.04296875 0.0453125
5 0.57421875 0.27265625 0.01953125 0.06875
5 0.5734375 0.27265625 0.0171875 0.0625
1 0.590625 0.5 0.0484375 0.053125
1 0.66015625 0.5125 0.071875 0.0625
5 0.73515625 0.3984375 0.015625 0.04296875
3 0.7421875 0.50859375 0.0171875 0.06640625
1 0.92578125 0.5234375 0.14453125 0.084375