1 0.9109375 0.6140625 0.178125 0.2984375
1 0.66875 0.5453125 0.11875 0.13671875
1 0.06953125 0.5703125 0.1390625 0.15625
1 0.1453125 0.5703125 0.05859375 0.11328125
1 0.196875 0.55390625 0.0625 0.0953125
1 0.24296875 0.5546875 0.07421875 0.0796875
1 0.27421875 0.5421875 0.07421875 0.0875
1 0.378125 0.53125 0.053125 0.07421875
1 0.47265625 0.5375 0.05625 0.0703125
1 0.5875 0.5390625 0.0640625 0.08203125
1 0.7171875 0.5625 0.1328125 0.1578125
3 0.73515625 0.5828125 0.0640625 0.2671875
1 0.81171875 0.5578125 0.196875 0.17578125