1 0.0609375 0.546875 0.1171875 0.16015625
1 0.16875 0.525 0.125 0.0953125
1 0.234375 0.5078125 0.08984375 0.06875
1 0.253125 0.51171875 0.05859375 0.078125
1 0.32421875 0.496875 0.05625 0.0453125
1 0.32890625 0.49375 0.05859375 0.071875
1 0.38984375 0.4984375 0.1 0.06640625
1 0.51484375 0.4984375 0.09765625 0.084375
1 0.5875 0.48046875 0.0640625 0.04296875
1 0.5984375 0.475 0.071875 0.078125
1 0.5984375 0.51640625 0.0453125 0.13671875
1 0.6796875 0.52421875 0.18125 0.2046875
1 0.8578125 0.56953125 0.28125 0.3984375