1 0.12109375 0.54296875 0.071875 0.0765625
1 0.01953125 0.69453125 0.0375 0.24609375
1 0.1765625 0.5390625 0.05078125 0.05859375
1 0.325 0.65625 0.321875 0.4125
8 0.2796875 0.28046875 0.025 0.06640625
7 0.38984375 0.2859375 0.025 0.0765625
3 0.4953125 0.5265625 0.025 0.0703125
3 0.534375 0.52265625 0.0140625 0.071875
3 0.54375 0.51953125 0.01953125 0.084375
7 0.56328125 0.41328125 0.02734375 0.07421875
3 0.56640625 0.5171875 0.0171875 0.078125
3 0.58984375 0.51484375 0.02734375 0.084375
0 0.628125 0.52734375 0.0328125 0.0921875
0 0.65546875 0.525 0.0328125 0.0875
3 0.68671875 0.52734375 0.021875 0.08203125
3 0.70234375 0.525 0.021875 0.0875
3 0.725 0.521875 0.01953125 0.0875
3 0.88125 0.51953125 0.03515625 0.15
3 0.8984375 0.50859375 0.0171875 0.078125
3 0.9 0.515625 0.021875 0.08203125
1 0.95390625 0.521875 0.0859375 0.0875