1 0.93046875 0.7703125 0.1390625 0.45703125
1 0.11640625 0.57109375 0.1640625 0.15234375
1 0.1140625 0.559375 0.1578125 0.15625
1 0.28828125 0.5390625 0.053125 0.05859375
1 0.28828125 0.53828125 0.0453125 0.0546875
1 0.32734375 0.5234375 0.03125 0.040625
1 0.3296875 0.52421875 0.03125 0.0390625
1 0.42109375 0.50703125 0.03125 0.0375
0 0.45390625 0.521875 0.021875 0.0609375
0 0.45390625 0.51953125 0.015625 0.0625
1 0.5140625 0.51640625 0.04296875 0.046875
1 0.584375 0.503125 0.09375 0.0609375
1 0.67890625 0.50703125 0.071875 0.078125