1 0.15625 0.503125 0.10546875 0.053125
1 0.49296875 0.49375 0.103125 0.0609375
4 0.0640625 0.0671875 0.0796875 0.12890625
1 0.21171875 0.51484375 0.06640625 0.0796875
1 0.2546875 0.5234375 0.1109375 0.084375
1 0.33203125 0.515625 0.0859375 0.0953125
4 0.571875 0.0296875 0.02734375 0.0546875
7 0.565625 0.36328125 0.0140625 0.04296875
3 0.72265625 0.5828125 0.234375 0.7875
3 0.71796875 0.5953125 0.1796875 0.7984375
7 0.653125 0.35859375 0.0171875 0.05078125
7 0.65234375 0.3578125 0.009375 0.0390625
7 0.80078125 0.0765625 0.0296875 0.0921875
1 0.92109375 0.4859375 0.103125 0.05625