1 0.95234375 0.509375 0.09375 0.103125
5 0.146875 0.378125 0.0234375 0.053125
1 0.28515625 0.51640625 0.0609375 0.08984375
1 0.33125 0.51953125 0.0390625 0.05859375
1 0.3328125 0.5171875 0.03125 0.0625
1 0.3625 0.50625 0.04296875 0.0546875
1 0.36015625 0.51171875 0.03125 0.0640625
1 0.3890625 0.50859375 0.01953125 0.0546875
1 0.40234375 0.503125 0.021875 0.05078125
1 0.4984375 0.503125 0.046875 0.071875
5 0.525 0.23125 0.021875 0.04296875
1 0.56328125 0.5015625 0.046875 0.07421875
5 0.6828125 0.3671875 0.02734375 0.0625
5 0.68359375 0.3546875 0.02734375 0.06875