1 0.30390625 0.528125 0.0375 0.0453125
1 0.2828125 0.5375 0.0375 0.05078125
1 0.24140625 0.53984375 0.0640625 0.0625
1 0.18046875 0.55625 0.08203125 0.08984375
4 0.01640625 0.36015625 0.0328125 0.09375
3 0.15546875 0.5125 0.0140625 0.0171875
3 0.32890625 0.52734375 0.0296875 0.12890625
3 0.42265625 0.515625 0.01171875 0.040625
1 0.5046875 0.525 0.05625 0.09375
4 0.5203125 0.32734375 0.03515625 0.09765625
3 0.5890625 0.51953125 0.0375 0.09375
3 0.628125 0.50859375 0.0140625 0.115625
3 0.659375 0.509375 0.03515625 0.109375
3 0.6578125 0.51875 0.0234375 0.08984375
1 0.8203125 0.5265625 0.2640625 0.1328125
3 0.86015625 0.48046875 0.03515625 0.146875