2 0.0890625 0.3828125 0.178125 0.321875
1 0.028125 0.515625 0.05625 0.2421875
1 0.234375 0.48046875 0.140625 0.19921875
1 0.3265625 0.49296875 0.0546875 0.084375
7 0.3390625 0.36796875 0.01953125 0.0328125
7 0.34296875 0.36640625 0.0140625 0.03515625
1 0.36015625 0.50078125 0.021875 0.0453125
1 0.39921875 0.4984375 0.08984375 0.1078125
7 0.38203125 0.36796875 0.015625 0.02734375
7 0.3859375 0.3671875 0.0140625 0.0296875
7 0.44453125 0.3609375 0.015625 0.0375
7 0.44453125 0.36640625 0.015625 0.03125
1 0.521875 0.50390625 0.08984375 0.115625
7 0.490625 0.36328125 0.01953125 0.0375
7 0.490625 0.36328125 0.015625 0.02734375
1 0.58671875 0.48359375 0.0859375 0.06640625
1 0.5875 0.48359375 0.078125 0.0640625
7 0.5828125 0.40546875 0.0140625 0.02734375
1 0.64765625 0.47265625 0.0609375 0.0625
1 0.709375 0.4703125 0.040625 0.0546875
1 0.7171875 0.471875 0.0546875 0.040625
7 0.79375 0.3234375 0.0234375 0.0375