7 0.09453125 0.3015625 0.03125 0.07421875
7 0.0921875 0.30390625 0.025 0.0765625
1 0.3734375 0.5078125 0.1640625 0.1421875
1 0.4828125 0.471875 0.021875 0.0328125
1 0.53828125 0.48515625 0.0171875 0.05625
1 0.5734375 0.4921875 0.046875 0.06875
1 0.56953125 0.4953125 0.0375 0.046875
1 0.615625 0.496875 0.0625 0.071875
7 0.615625 0.27421875 0.0234375 0.0859375
1 0.88125 0.49921875 0.2328125 0.1625
1 0.88359375 0.49609375 0.225 0.19921875
3 0.83203125 0.46171875 0.025 0.1
3 0.834375 0.4484375 0.01953125 0.07421875