1 0.0671875 0.621875 0.134375 0.36328125
1 0.16875 0.53984375 0.04296875 0.05078125
1 0.32890625 0.65703125 0.328125 0.4125
4 0.27734375 0.28046875 0.025 0.06640625
4 0.3890625 0.2859375 0.0234375 0.07421875
4 0.56328125 0.41484375 0.02734375 0.0765625
3 0.559375 0.52265625 0.01953125 0.078125
3 0.5765625 0.5203125 0.0171875 0.08203125
3 0.58984375 0.5234375 0.01953125 0.084375
3 0.60625 0.52265625 0.0234375 0.0921875
0 0.628125 0.5296875 0.0328125 0.0921875
0 0.6546875 0.5265625 0.0328125 0.08984375
3 0.68671875 0.52421875 0.021875 0.0875
3 0.7015625 0.528125 0.025 0.0859375
3 0.725 0.521875 0.021875 0.0859375
3 0.76953125 0.51953125 0.0296875 0.1171875
1 0.95 0.521875 0.0953125 0.084375