0 0.021875 0.54765625 0.0328125 0.0875
0 0.01953125 0.54296875 0.01953125 0.0703125
3 0.075 0.5375 0.021875 0.06640625
1 0.12421875 0.53125 0.09375 0.1
2 0.128125 0.5296875 0.09375 0.0875
1 0.20234375 0.5390625 0.0765625 0.06640625
1 0.20234375 0.50625 0.06640625 0.0390625
2 0.2015625 0.51484375 0.05625 0.05078125
2 0.290625 0.4828125 0.109375 0.17578125
1 0.35859375 0.5203125 0.0328125 0.03515625
1 0.38671875 0.51953125 0.0375 0.053125
8 0.4234375 0.31953125 0.01953125 0.0546875
7 0.5 0.3171875 0.021875 0.0625
1 0.5046875 0.51484375 0.0296875 0.0546875
1 0.62109375 0.525 0.1015625 0.0765625
7 0.64453125 0.4125 0.021875 0.0640625
1 0.92109375 0.521875 0.146875 0.1