8 0.053125 0.4390625 0.021875 0.0546875
0 0.07109375 0.54296875 0.040625 0.06875
0 0.075 0.5421875 0.0171875 0.06640625
3 0.08125 0.53828125 0.0234375 0.0796875
0 0.08203125 0.5375 0.009375 0.06875
3 0.08671875 0.5390625 0.015625 0.07421875
1 0.171875 0.525 0.0875 0.07421875
2 0.1734375 0.521875 0.08203125 0.084375
2 0.23828125 0.51171875 0.05625 0.05625
1 0.2453125 0.515625 0.0625 0.05859375
1 0.246875 0.53203125 0.05625 0.0484375
3 0.28515625 0.5140625 0.0234375 0.07421875
2 0.328125 0.48125 0.1 0.146875
1 0.39140625 0.51875 0.0234375 0.0328125
1 0.43046875 0.5171875 0.0328125 0.03515625
8 0.4484375 0.3234375 0.01953125 0.05625
1 0.46484375 0.5140625 0.02734375 0.0390625
7 0.51875 0.325 0.0234375 0.06640625
1 0.54296875 0.50859375 0.0484375 0.06640625
1 0.62890625 0.5046875 0.053125 0.0375
7 0.65546875 0.409375 0.021875 0.0640625