0 0.02421875 0.559375 0.046875 0.103125
3 0.06953125 0.55 0.01953125 0.1
3 0.08984375 0.55 0.0171875 0.084375
9 0.134375 0.4046875 0.025 0.0625
1 0.19140625 0.546875 0.12109375 0.09765625
1 0.30546875 0.534375 0.0859375 0.1234375
1 0.3984375 0.60234375 0.19375 0.228125
9 0.5078125 0.378125 0.01953125 0.06875
3 0.5890625 0.49609375 0.01953125 0.0546875
3 0.60234375 0.515625 0.03125 0.10546875
3 0.603125 0.52734375 0.0296875 0.10546875
3 0.6125 0.509375 0.015625 0.07421875
3 0.6203125 0.5390625 0.01953125 0.05859375
1 0.74296875 0.525 0.234375 0.15625
3 0.6671875 0.55859375 0.0609375 0.29296875
3 0.7390625 0.5515625 0.02734375 0.2125
3 0.759375 0.540625 0.0328125 0.23828125
3 0.7921875 0.53203125 0.0453125 0.2328125
3 0.7984375 0.5359375 0.05078125 0.228125