1 0.065625 0.534375 0.12890625 0.0953125
6 0.1171875 0.46875 0.03515625 0.0875
1 0.12109375 0.48125 0.025 0.0328125
1 0.13671875 0.5140625 0.021875 0.04296875
2 0.21796875 0.48828125 0.1015625 0.1890625
1 0.26953125 0.49140625 0.021875 0.06640625
8 0.3140625 0.428125 0.01953125 0.0484375
6 0.3140625 0.4296875 0.0171875 0.05078125
1 0.34296875 0.4828125 0.01953125 0.0484375
1 0.3765625 0.5078125 0.053125 0.0859375
1 0.378125 0.4625 0.02734375 0.021875
1 0.3796875 0.45234375 0.01953125 0.025
1 0.4421875 0.51953125 0.0859375 0.1390625
1 0.4921875 0.4703125 0.03515625 0.0453125
1 0.49140625 0.47265625 0.0328125 0.0453125
5 0.5140625 0.31328125 0.01953125 0.053125
5 0.51484375 0.315625 0.015625 0.0453125
1 0.540625 0.4828125 0.040625 0.0484375
1 0.57890625 0.49140625 0.05078125 0.0453125
5 0.634375 0.403125 0.0140625 0.0375
3 0.6375 0.48125 0.0171875 0.06640625
1 0.76953125 0.496875 0.11875 0.0609375