1 0.52734375 0.52734375 0.0390625 0.04296875
1 0.0265625 0.53125 0.053125 0.1953125
1 0.0375 0.5515625 0.05859375 0.22265625
1 0.09375 0.5796875 0.1265625 0.1734375
2 0.0953125 0.47734375 0.1015625 0.07421875
1 0.28515625 0.58984375 0.3265625 0.415625
4 0.31640625 0.328125 0.01953125 0.05625
7 0.4140625 0.3265625 0.01953125 0.0484375
1 0.4578125 0.525 0.07421875 0.09765625
7 0.4921875 0.32734375 0.01953125 0.05625
1 0.64453125 0.5453125 0.06640625 0.140625
1 0.80546875 0.6296875 0.38125 0.3828125
7 0.67890625 0.41796875 0.0171875 0.0484375
1 0.8375 0.4578125 0.23046875 0.103125
2 0.93125 0.47734375 0.134375 0.13125
7 0.9296875 0.25703125 0.053125 0.15625
3 0.9484375 0.5046875 0.02734375 0.0390625