1 0.2625 0.5421875 0.040625 0.0484375
1 0.9515625 0.5578125 0.0953125 0.0640625
1 0.98046875 0.603125 0.0390625 0.09765625
2 0.05625 0.53203125 0.0765625 0.0484375
1 0.103125 0.5546875 0.08984375 0.05625
4 0.18359375 0.28125 0.0296875 0.0875
1 0.2046875 0.54375 0.0453125 0.0453125
4 0.2984375 0.20234375 0.0296875 0.1015625
1 0.31328125 0.534375 0.0296875 0.04296875
1 0.39921875 0.58671875 0.16796875 0.2015625
5 0.39453125 0.40625 0.015625 0.04296875
5 0.396875 0.4078125 0.0171875 0.04296875
5 0.43828125 0.42890625 0.0171875 0.03125
4 0.43828125 0.43359375 0.015625 0.040625
1 0.4953125 0.534375 0.03515625 0.06640625
1 0.51875 0.54296875 0.0484375 0.078125
1 0.5546875 0.55390625 0.0609375 0.1109375
5 0.54296875 0.39453125 0.0171875 0.0453125
5 0.54609375 0.3921875 0.01171875 0.0390625
1 0.659375 0.5625 0.19140625 0.2359375
1 0.809375 0.5515625 0.071875 0.0546875
1 0.85859375 0.55390625 0.0703125 0.05625