3 0.084375 0.54609375 0.0296875 0.12890625
1 0.0640625 0.6328125 0.128125 0.328125
2 0.07421875 0.496875 0.14453125 0.13125
1 0.153125 0.5609375 0.05078125 0.06640625
1 0.29609375 0.6578125 0.3296875 0.4234375
8 0.3390625 0.2484375 0.021875 0.06640625
2 0.4703125 0.50859375 0.0375 0.078125
7 0.46484375 0.2796875 0.01953125 0.06640625
3 0.55078125 0.52421875 0.0328125 0.0921875
3 0.546875 0.53046875 0.015625 0.0875
7 0.64140625 0.396875 0.0234375 0.0640625
1 0.8828125 0.55546875 0.2328125 0.665625