1 0.8875 0.63671875 0.2203125 0.3515625
1 0.1125 0.56640625 0.2171875 0.4046875
1 0.24296875 0.51484375 0.046875 0.0546875
1 0.24609375 0.509375 0.04296875 0.046875
1 0.340625 0.4953125 0.03515625 0.040625
1 0.3390625 0.4984375 0.0296875 0.04296875
1 0.3640625 0.49375 0.0234375 0.0390625
1 0.4140625 0.4984375 0.05859375 0.078125
1 0.44375 0.48828125 0.03515625 0.05078125
1 0.49921875 0.48515625 0.021875 0.021875
1 0.54765625 0.49921875 0.03515625 0.05859375
1 0.57109375 0.50078125 0.02734375 0.10546875
1 0.61015625 0.50859375 0.0796875 0.103125
1 0.6984375 0.4984375 0.08984375 0.0609375
1 0.8203125 0.4984375 0.1625 0.11328125