2 0.0984375 0.53046875 0.196875 0.2203125
1 0.103125 0.53125 0.19921875 0.2359375
1 0.21015625 0.58203125 0.0453125 0.103125
1 0.27265625 0.565625 0.0609375 0.071875
1 0.34765625 0.55 0.040625 0.08984375
1 0.39453125 0.57421875 0.0921875 0.115625
2 0.4375 0.53984375 0.06875 0.1
1 0.440625 0.540625 0.06640625 0.12890625
1 0.503125 0.56171875 0.03515625 0.078125
1 0.54296875 0.5671875 0.078125 0.1015625
1 0.59296875 0.55625 0.05625 0.1640625
1 0.7078125 0.565625 0.2125 0.259375
1 0.8609375 0.66484375 0.2734375 0.44375
2 0.90703125 0.421875 0.1578125 0.09375
1 0.90703125 0.4171875 0.1546875 0.103125