3 0.9078125 0.52265625 0.0375 0.171875
3 0.8765625 0.52734375 0.03125 0.13125
3 0.80859375 0.49921875 0.02734375 0.1234375
3 0.7109375 0.5125 0.03125 0.0875
3 0.73125 0.5109375 0.03515625 0.1421875
1 0.15 0.55390625 0.1703125 0.17578125
1 0.2296875 0.5140625 0.0546875 0.0859375
1 0.3296875 0.50859375 0.05078125 0.0609375
1 0.4140625 0.5046875 0.053125 0.0765625
1 0.51953125 0.5078125 0.03515625 0.09765625
3 0.559375 0.62421875 0.06875 0.459375
3 0.65 0.61015625 0.13671875 0.540625
3 0.76953125 0.50078125 0.0375 0.15234375