2 0.06171875 0.5265625 0.1234375 0.0796875
3 0.071875 0.55625 0.02734375 0.0765625
3 0.07109375 0.5515625 0.021875 0.084375
3 0.1890625 0.53828125 0.021875 0.0625
1 0.3921875 0.54296875 0.13671875 0.0796875
7 0.35234375 0.1828125 0.03515625 0.0859375
7 0.603125 0.35 0.02734375 0.0875
7 0.60546875 0.3484375 0.0171875 0.07421875
3 0.67890625 0.5296875 0.03125 0.125
3 0.75703125 0.53125 0.0375 0.15
3 0.821875 0.53984375 0.03515625 0.17578125
3 0.82890625 0.53515625 0.04296875 0.1703125
3 0.9203125 0.53125 0.0625 0.2109375