1 0.03828125 0.5578125 0.0765625 0.10546875
1 0.0375 0.559375 0.071875 0.103125
1 0.09296875 0.553125 0.05078125 0.071875
1 0.09296875 0.55390625 0.040625 0.071875
1 0.165625 0.5515625 0.0765625 0.0703125
1 0.20703125 0.5515625 0.04296875 0.0609375
1 0.2046875 0.5578125 0.025 0.0484375
1 0.52734375 0.553125 0.03515625 0.0546875
1 0.525 0.55625 0.03125 0.04296875
1 0.55 0.55078125 0.0296875 0.06875
1 0.57734375 0.559375 0.05859375 0.071875
1 0.5828125 0.559375 0.0625 0.06875
1 0.64765625 0.56875 0.10546875 0.1
1 0.7546875 0.57734375 0.1 0.0953125
1 0.85625 0.57890625 0.1109375 0.0953125
1 0.953125 0.5890625 0.084375 0.0921875