1 0.05390625 0.53125 0.1078125 0.21875
1 0.0671875 0.4890625 0.09765625 0.0875
1 0.19609375 0.5359375 0.2171875 0.26953125
1 0.2015625 0.5265625 0.19921875 0.2015625
5 0.2515625 0.340625 0.0234375 0.06640625
6 0.25390625 0.33515625 0.01953125 0.05078125
1 0.49375 0.66328125 0.4609375 0.5640625
4 0.30625 0.340625 0.01953125 0.053125
5 0.38671875 0.3375 0.01953125 0.0546875
4 0.39140625 0.3328125 0.0171875 0.046875
5 0.44609375 0.34296875 0.0328125 0.0765625
7 0.44609375 0.340625 0.0171875 0.0484375
5 0.56953125 0.41484375 0.0171875 0.0609375
7 0.571875 0.40625 0.0171875 0.0453125
1 0.83671875 0.48359375 0.140625 0.08984375