1 0.175 0.5453125 0.05625 0.05625
1 0.240625 0.53828125 0.03515625 0.04296875
1 0.27734375 0.5328125 0.0296875 0.0375
1 0.30078125 0.528125 0.0234375 0.0328125
5 0.37421875 0.359375 0.015625 0.04296875
5 0.37421875 0.3578125 0.0140625 0.04296875
1 0.409375 0.540625 0.06640625 0.0875
5 0.4515625 0.35 0.0140625 0.0484375
5 0.45390625 0.35 0.015625 0.04296875
1 0.51484375 0.5296875 0.03125 0.0625
1 0.54296875 0.53203125 0.05859375 0.06875
5 0.56328125 0.44140625 0.015625 0.04296875
5 0.5640625 0.440625 0.0171875 0.0453125
1 0.6546875 0.51875 0.0296875 0.06640625
1 0.86875 0.5078125 0.17578125 0.10546875