2 0.04609375 0.5359375 0.0875 0.1015625
1 0.08984375 0.54765625 0.0484375 0.046875
1 0.09375 0.540625 0.0484375 0.07421875
2 0.1125 0.534375 0.06640625 0.0859375
1 0.21796875 0.55859375 0.06875 0.13125
1 0.340625 0.57734375 0.21484375 0.3046875
4 0.31640625 0.340625 0.021875 0.05078125
4 0.41328125 0.32734375 0.025 0.05625
4 0.415625 0.3390625 0.0171875 0.0546875
1 0.5125 0.51484375 0.10546875 0.09765625
1 0.48125 0.51171875 0.009375 0.0296875
4 0.4921875 0.33125 0.025 0.071875
4 0.49296875 0.3296875 0.0171875 0.046875
1 0.6328125 0.553125 0.0703125 0.12109375
1 0.6265625 0.54296875 0.0453125 0.1171875
1 0.79765625 0.61875 0.37109375 0.34765625
4 0.6796875 0.434375 0.01953125 0.05625
1 0.9390625 0.51953125 0.0859375 0.07421875
1 0.9421875 0.51953125 0.0796875 0.0609375
4 0.93828125 0.259375 0.0484375 0.140625