1 0.134375 0.48359375 0.2671875 0.6265625
2 0.1296875 0.484375 0.25625 0.61875
1 0.3453125 0.49609375 0.0453125 0.0640625
1 0.5 0.621875 0.32421875 0.43125
8 0.3515625 0.30078125 0.01953125 0.071875
8 0.353125 0.284375 0.015625 0.0390625
7 0.4734375 0.24140625 0.01953125 0.06875
1 0.7078125 0.47734375 0.18125 0.10546875
1 0.70703125 0.49140625 0.178125 0.1171875
7 0.6453125 0.36640625 0.01953125 0.04296875
1 0.8625 0.58984375 0.271875 0.3453125
7 0.98515625 0.2296875 0.025 0.0859375
7 0.98828125 0.20390625 0.021875 0.040625