1 0.0578125 0.5375 0.0171875 0.0234375
1 0.075 0.54609375 0.01171875 0.03125
1 0.1046875 0.5578125 0.0640625 0.071875
1 0.221875 0.54296875 0.0390625 0.05078125
1 0.225 0.50859375 0.0171875 0.0234375
1 0.2578125 0.525 0.01953125 0.02734375
4 0.25859375 0.4046875 0.0171875 0.0453125
8 0.259375 0.40234375 0.0140625 0.0390625
1 0.3140625 0.5359375 0.01953125 0.05859375
1 0.315625 0.53984375 0.0140625 0.053125
2 0.3421875 0.521875 0.053125 0.1078125
5 0.3375 0.39453125 0.01171875 0.040625
5 0.39921875 0.39375 0.01171875 0.0390625
5 0.61796875 0.40703125 0.0171875 0.05859375
1 0.70234375 0.5328125 0.0875 0.0625
1 0.7046875 0.53203125 0.0859375 0.05078125