1 0.01953125 0.54296875 0.0296875 0.0484375
7 0.0609375 0.45625 0.021875 0.04296875
8 0.0625 0.46796875 0.0171875 0.0484375
1 0.109375 0.5296875 0.0328125 0.0484375
1 0.14140625 0.525 0.046875 0.0546875
1 0.17578125 0.51953125 0.03125 0.053125
1 0.1765625 0.51953125 0.021875 0.04296875
1 0.2203125 0.51484375 0.046875 0.0546875
8 0.215625 0.37421875 0.01953125 0.0546875
1 0.27421875 0.51640625 0.046875 0.0703125
1 0.2765625 0.51875 0.0484375 0.06640625
5 0.28828125 0.37109375 0.015625 0.0453125
1 0.3109375 0.5125 0.0296875 0.0625
1 0.346875 0.5125 0.053125 0.0859375
1 0.3421875 0.5015625 0.03515625 0.0703125
1 0.45703125 0.55390625 0.225 0.328125
1 0.5890625 0.48359375 0.0640625 0.0609375
4 0.59453125 0.39375 0.0328125 0.0609375
4 0.59296875 0.3875 0.02734375 0.0859375
1 0.66328125 0.54765625 0.16015625 0.1328125
3 0.65546875 0.478125 0.0296875 0.0328125
1 0.9484375 0.69609375 0.1 0.23828125