1 0.06875 0.4703125 0.05078125 0.053125
1 0.07109375 0.475 0.05078125 0.05625
1 0.103125 0.4671875 0.02734375 0.05078125
1 0.1 0.46875 0.015625 0.0609375
1 0.1265625 0.46953125 0.03125 0.04296875
1 0.12890625 0.46796875 0.0296875 0.0296875
1 0.165625 0.4703125 0.04296875 0.04296875
1 0.1671875 0.475 0.040625 0.05078125
1 0.228125 0.471875 0.04296875 0.0546875
1 0.23046875 0.46875 0.04296875 0.0625
1 0.271875 0.46484375 0.040625 0.046875
1 0.27265625 0.4625 0.0375 0.04296875
7 0.4265625 0.3359375 0.01953125 0.0484375
8 0.42890625 0.3375 0.01953125 0.0453125
1 0.49609375 0.48828125 0.06640625 0.084375
7 0.50625 0.3234375 0.025 0.0328125
7 0.50703125 0.33125 0.0140625 0.0390625
1 0.62578125 0.48515625 0.0921875 0.1109375
7 0.5921875 0.35 0.01953125 0.0390625
7 0.590625 0.3484375 0.015625 0.0375
1 0.690625 0.45703125 0.04296875 0.0234375
7 0.75078125 0.36015625 0.0171875 0.0546875
7 0.75078125 0.36328125 0.015625 0.0546875