3 0.096875 0.51484375 0.02734375 0.0765625
3 0.1078125 0.4921875 0.0296875 0.0875
3 0.11015625 0.490625 0.0171875 0.0703125
7 0.22734375 0.359375 0.025 0.05859375
7 0.2296875 0.36015625 0.025 0.07421875
3 0.35078125 0.490625 0.0390625 0.11328125
3 0.5265625 0.4828125 0.021875 0.05859375
3 0.5265625 0.48515625 0.0171875 0.053125
1 0.540625 0.4859375 0.0171875 0.05625
1 0.56640625 0.48046875 0.0375 0.046875
1 0.5640625 0.4921875 0.03125 0.05859375
7 0.5875 0.34375 0.0171875 0.06875
3 0.703125 0.47734375 0.021875 0.08203125
3 0.709375 0.478125 0.0234375 0.07421875