1 0.06640625 0.51953125 0.078125 0.11328125
1 0.06953125 0.521875 0.046875 0.0953125
1 0.12421875 0.53984375 0.0390625 0.0703125
1 0.1765625 0.5359375 0.0765625 0.05078125
1 0.1796875 0.5375 0.0796875 0.06640625
1 0.24296875 0.5359375 0.0328125 0.06875
3 0.26171875 0.521875 0.0296875 0.1171875
3 0.26171875 0.53203125 0.02734375 0.115625
3 0.29296875 0.52265625 0.0296875 0.134375
0 0.40546875 0.53203125 0.0234375 0.06875
3 0.403125 0.53828125 0.015625 0.06640625
3 0.4078125 0.5359375 0.009375 0.05078125
3 0.5265625 0.5234375 0.0375 0.1421875
1 0.52421875 0.51953125 0.021875 0.13125
1 0.5859375 0.54296875 0.08984375 0.07421875
1 0.5953125 0.54765625 0.10546875 0.078125
1 0.82109375 0.5703125 0.353125 0.2875