1 0.02734375 0.528125 0.053125 0.1265625
7 0.06328125 0.440625 0.021875 0.040625
8 0.0640625 0.459375 0.0171875 0.0484375
1 0.128125 0.5203125 0.03515625 0.0453125
1 0.17265625 0.51484375 0.03515625 0.040625
1 0.22265625 0.50625 0.05078125 0.0546875
8 0.2140625 0.3671875 0.01953125 0.0546875
1 0.42890625 0.58203125 0.39453125 0.55859375
1 0.26640625 0.50859375 0.05078125 0.08984375
7 0.58515625 0.36328125 0.0328125 0.0609375
1 0.66484375 0.5296875 0.11328125 0.10546875
3 0.78515625 0.5265625 0.0703125 0.1890625
3 0.7796875 0.5203125 0.03515625 0.14453125
1 0.9359375 0.66796875 0.1265625 0.3109375