1 0.10078125 0.55390625 0.0484375 0.084375
1 0.14140625 0.54765625 0.03125 0.0703125
1 0.209375 0.55859375 0.13671875 0.1703125
4 0.2765625 0.28125 0.025 0.06640625
1 0.37421875 0.60859375 0.2015625 0.25390625
4 0.3875 0.2859375 0.025 0.0765625
3 0.4828125 0.5375 0.025 0.06640625
4 0.56328125 0.4203125 0.02734375 0.0796875
3 0.5796875 0.5375 0.021875 0.0796875
3 0.58125 0.5375 0.01953125 0.0796875
3 0.596875 0.53515625 0.01953125 0.0796875
3 0.61328125 0.5375 0.021875 0.0875
3 0.6296875 0.5359375 0.025 0.0921875
0 0.65625 0.53984375 0.02734375 0.103125
0 0.690625 0.53515625 0.03515625 0.1171875
3 0.71953125 0.5328125 0.02734375 0.1
3 0.746875 0.53125 0.025 0.09765625
3 0.8328125 0.57734375 0.071875 0.2328125
3 0.81171875 0.52421875 0.0140625 0.1015625