1 0.0359375 0.565625 0.071875 0.0796875
1 0.0703125 0.54765625 0.04296875 0.0453125
1 0.14765625 0.546875 0.046875 0.05625
1 0.18671875 0.546875 0.02734375 0.046875
1 0.20390625 0.5453125 0.0328125 0.040625
1 0.39140625 0.54296875 0.09375 0.12890625
8 0.38359375 0.46796875 0.01953125 0.0296875
8 0.38203125 0.475 0.01171875 0.0328125
1 0.4421875 0.5359375 0.0375 0.0859375
7 0.44453125 0.43125 0.015625 0.040625
7 0.44453125 0.434375 0.01171875 0.0296875
7 0.471875 0.475 0.0140625 0.0484375
7 0.4703125 0.475 0.01171875 0.0296875
1 0.51953125 0.51171875 0.0609375 0.05625
7 0.5140625 0.45703125 0.025 0.05859375
7 0.5109375 0.453125 0.01171875 0.0375
1 0.57109375 0.540625 0.09375 0.1015625
1 0.615625 0.51171875 0.046875 0.0640625
1 0.709375 0.55 0.1859375 0.225