1 0.053125 0.4625 0.0390625 0.053125
1 0.0515625 0.4734375 0.0375 0.05625
1 0.08671875 0.47734375 0.0375 0.040625
1 0.08984375 0.46953125 0.0375 0.0375
1 0.12421875 0.4828125 0.0484375 0.0484375
1 0.1296875 0.4765625 0.05078125 0.0390625
1 0.159375 0.46796875 0.01953125 0.0484375
1 0.19609375 0.471875 0.0546875 0.0625
1 0.19921875 0.4734375 0.0453125 0.0609375
1 0.246875 0.46953125 0.040625 0.046875
1 0.24921875 0.46875 0.0375 0.04296875
7 0.4171875 0.32109375 0.01953125 0.0484375
8 0.4171875 0.32109375 0.01953125 0.0453125
1 0.503125 0.4953125 0.08203125 0.0953125
7 0.503125 0.31640625 0.025 0.0328125
7 0.50625 0.32109375 0.01171875 0.05078125
7 0.60078125 0.3328125 0.0234375 0.0390625
7 0.603125 0.3265625 0.01953125 0.0390625
1 0.6625 0.49140625 0.1265625 0.1328125
7 0.68125 0.3953125 0.021875 0.0453125
7 0.6828125 0.396875 0.0171875 0.05078125
7 0.8078125 0.33515625 0.03125 0.08984375
7 0.81328125 0.32421875 0.01953125 0.0640625