3 0.896875 0.49140625 0.03125 0.1484375
3 0.9203125 0.51484375 0.040625 0.1640625
3 0.88984375 0.5265625 0.0296875 0.1265625
3 0.81328125 0.496875 0.03125 0.1265625
3 0.790625 0.5 0.021875 0.11875
1 0.10859375 0.53125 0.115625 0.0953125
1 0.19609375 0.5375 0.134375 0.13125
1 0.334375 0.503125 0.05078125 0.0609375
1 0.41484375 0.50390625 0.0546875 0.078125
3 0.4765625 0.61875 0.06875 0.459375
3 0.5453125 0.61328125 0.1171875 0.54296875
3 0.7140625 0.51953125 0.04296875 0.09765625
3 0.73515625 0.50859375 0.0453125 0.16015625
3 0.76953125 0.5 0.03515625 0.15