1 0.86328125 0.60546875 0.271875 0.51953125
1 0.0265625 0.51953125 0.05078125 0.0875
1 0.0828125 0.509375 0.0484375 0.0546875
1 0.1546875 0.496875 0.0328125 0.03515625
3 0.2125 0.49375 0.0140625 0.0453125
3 0.22578125 0.49296875 0.015625 0.05078125
3 0.24296875 0.4984375 0.009375 0.046875
1 0.26640625 0.503125 0.0375 0.04296875
3 0.33671875 0.4953125 0.0171875 0.0546875
1 0.3578125 0.49921875 0.0328125 0.0390625
1 0.425 0.4984375 0.1390625 0.08984375
1 0.428125 0.496875 0.1421875 0.0859375
1 0.659375 0.56953125 0.15234375 0.2484375
1 0.690625 0.565625 0.19140625 0.28125