7 0.2734375 0.42890625 0.02734375 0.0390625
1 0.390625 0.49921875 0.11875 0.134375
1 0.390625 0.4984375 0.0765625 0.11328125
7 0.44921875 0.3546875 0.021875 0.0390625
8 0.45234375 0.35859375 0.0171875 0.05078125
1 0.51953125 0.48125 0.053125 0.046875
7 0.51171875 0.36015625 0.021875 0.0296875
7 0.509375 0.36640625 0.0140625 0.0390625
1 0.575 0.48046875 0.08203125 0.05078125
7 0.60625 0.42109375 0.0171875 0.03515625
1 0.6921875 0.50390625 0.10546875 0.125
1 0.69140625 0.503125 0.1 0.1015625
7 0.7296875 0.3625 0.0234375 0.0640625
7 0.7328125 0.3578125 0.02734375 0.06875