1 0.06640625 0.5625 0.1328125 0.1578125
1 0.1828125 0.534375 0.0859375 0.0921875
1 0.2234375 0.51953125 0.053125 0.078125
1 0.234375 0.5171875 0.03125 0.08203125
1 0.2609375 0.509375 0.03515625 0.0796875
1 0.28984375 0.5078125 0.0328125 0.06875
1 0.40703125 0.515625 0.04296875 0.0921875
1 0.45703125 0.5265625 0.09375 0.109375
1 0.45234375 0.5234375 0.0765625 0.0953125
1 0.56171875 0.5109375 0.0375 0.0875
1 0.61015625 0.53046875 0.0765625 0.103125
1 0.709375 0.54765625 0.103125 0.16015625
1 0.853125 0.56328125 0.2203125 0.2171875