5 0.90546875 0.19375 0.0484375 0.1484375
8 0.0671875 0.415625 0.025 0.0546875
8 0.065625 0.41328125 0.01953125 0.05078125
1 0.15 0.54296875 0.071875 0.0609375
1 0.19375 0.54765625 0.01953125 0.053125
1 0.3484375 0.56953125 0.19921875 0.275
8 0.35859375 0.403125 0.021875 0.0609375
1 0.45234375 0.5546875 0.08984375 0.16015625
5 0.515625 0.32109375 0.021875 0.06875
1 0.553125 0.53984375 0.046875 0.05078125
4 0.571875 0.425 0.0171875 0.0640625
3 0.8828125 0.54296875 0.021875 0.1234375
3 0.915625 0.5375 0.03125 0.11875