1 0.0546875 0.5890625 0.109375 0.1078125
3 0.05390625 0.53046875 0.01953125 0.03125
3 0.05390625 0.528125 0.01171875 0.01953125
1 0.12890625 0.56171875 0.0921875 0.103125
1 0.128125 0.559375 0.07421875 0.1234375
1 0.1921875 0.5546875 0.05625 0.0796875
1 0.23359375 0.55390625 0.0296875 0.06875
3 0.33125 0.53515625 0.015625 0.0546875
3 0.340625 0.53203125 0.01171875 0.04296875
1 0.4203125 0.5484375 0.071875 0.0859375
1 0.56875 0.54296875 0.0375 0.109375
1 0.81640625 0.60234375 0.3265625 0.2953125
3 0.87578125 0.4609375 0.0375 0.1