3 0.51640625 0.52265625 0.0140625 0.0484375
3 0.503125 0.52421875 0.01171875 0.0390625
3 0.478125 0.52265625 0.01171875 0.046875
3 0.4765625 0.528125 0.0140625 0.0375
1 0.1421875 0.56875 0.2015625 0.1796875
1 0.24609375 0.52421875 0.04296875 0.05859375
1 0.2984375 0.5203125 0.05078125 0.0546875
1 0.29765625 0.51953125 0.0453125 0.0546875
3 0.4578125 0.51953125 0.0171875 0.05859375
3 0.59765625 0.51640625 0.021875 0.0875
3 0.621875 0.50625 0.01953125 0.0765625
3 0.62578125 0.50859375 0.021875 0.0765625