2 0.08984375 0.509375 0.053125 0.0609375
1 0.12890625 0.53125 0.09765625 0.05859375
3 0.1109375 0.53203125 0.0171875 0.071875
3 0.1140625 0.534375 0.01953125 0.08203125
0 0.28828125 0.51484375 0.0296875 0.0546875
8 0.4203125 0.44375 0.0171875 0.04296875
8 0.4203125 0.44453125 0.0140625 0.04296875
1 0.4890625 0.49140625 0.0484375 0.05625
1 0.5296875 0.49609375 0.0390625 0.04296875
1 0.5296875 0.49921875 0.03515625 0.03515625
2 0.57890625 0.4671875 0.06640625 0.084375
1 0.58125 0.46171875 0.06640625 0.08984375
8 0.6515625 0.37578125 0.0140625 0.04296875
3 0.665625 0.49921875 0.0296875 0.1
7 0.696875 0.371875 0.01953125 0.05078125
3 0.69921875 0.5046875 0.01953125 0.0875
3 0.72734375 0.503125 0.03125 0.0953125
3 0.7890625 0.48046875 0.0328125 0.16796875
1 0.83671875 0.49296875 0.0859375 0.04296875
3 0.8234375 0.478125 0.0328125 0.16015625