1 0.4 0.484375 0.06640625 0.05078125
1 0.40234375 0.48359375 0.0484375 0.04296875
1 0.44921875 0.4578125 0.0484375 0.0296875
1 0.55390625 0.48515625 0.0453125 0.05625
1 0.55859375 0.4890625 0.05078125 0.05859375
8 0.56328125 0.221875 0.0171875 0.053125
8 0.565625 0.2390625 0.0234375 0.0625
5 0.6765625 0.24296875 0.021875 0.06640625
5 0.678125 0.25859375 0.0171875 0.04296875
1 0.85546875 0.48125 0.040625 0.05078125
5 0.9703125 0.38359375 0.021875 0.03125
5 0.97265625 0.3703125 0.01953125 0.06640625