1 0.01953125 0.5421875 0.0390625 0.07421875
1 0.0609375 0.55546875 0.0609375 0.0703125
1 0.946875 0.540625 0.10546875 0.1703125
1 0.121875 0.55 0.0765625 0.07421875
1 0.17265625 0.53515625 0.053125 0.0625
1 0.246875 0.52421875 0.03515625 0.0484375
1 0.39765625 0.5234375 0.04296875 0.0625
1 0.4609375 0.51953125 0.03515625 0.0390625
1 0.478125 0.50390625 0.0234375 0.0296875
1 0.50625 0.525 0.0625 0.084375
1 0.61015625 0.515625 0.0453125 0.0625
1 0.61640625 0.51953125 0.0484375 0.0609375
1 0.66484375 0.53046875 0.02734375 0.06640625
1 0.70390625 0.52421875 0.06875 0.0953125
1 0.7609375 0.53515625 0.0859375 0.07421875