1 0.07890625 0.5453125 0.04296875 0.04296875
1 0.13984375 0.51953125 0.02734375 0.0296875
1 0.22578125 0.53828125 0.06875 0.0859375
4 0.278125 0.31328125 0.025 0.06640625
8 0.28046875 0.3109375 0.01953125 0.0625
1 0.2921875 0.48359375 0.0171875 0.0234375
1 0.30546875 0.5 0.01953125 0.02734375
1 0.3578125 0.52421875 0.01953125 0.0546875
1 0.3609375 0.5203125 0.01171875 0.05078125
2 0.38984375 0.5109375 0.053125 0.1078125
5 0.40625 0.2921875 0.021875 0.0625
5 0.503125 0.296875 0.01953125 0.06640625