1 0.16796875 0.49140625 0.0484375 0.05078125
1 0.16875 0.490625 0.0453125 0.040625
1 0.26875 0.46484375 0.08984375 0.13671875
1 0.2984375 0.48828125 0.1265625 0.146875
8 0.3390625 0.36796875 0.021875 0.0328125
1 0.36875 0.4921875 0.03515625 0.10546875
1 0.371875 0.49140625 0.04296875 0.08203125
5 0.3921875 0.36875 0.015625 0.03515625
1 0.46796875 0.50625 0.09375 0.1234375
5 0.43125 0.38203125 0.015625 0.0375
0 0.53984375 0.48046875 0.025 0.0875
5 0.5390625 0.434375 0.0140625 0.03125
5 0.5625 0.41796875 0.0171875 0.04296875