1 0.87109375 0.5953125 0.25625 0.25625
1 0.05078125 0.52265625 0.1 0.0921875
1 0.196875 0.496875 0.1078125 0.125
1 0.196875 0.5046875 0.09765625 0.1078125
1 0.303125 0.50390625 0.0375 0.0484375
1 0.30546875 0.50625 0.03125 0.04296875
1 0.365625 0.503125 0.0875 0.1171875
1 0.434375 0.5 0.040625 0.0640625
1 0.4890625 0.49375 0.021875 0.0390625
1 0.584375 0.5109375 0.0640625 0.0765625
1 0.584375 0.5109375 0.05078125 0.06640625
1 0.64140625 0.53203125 0.05078125 0.165625
1 0.66484375 0.534375 0.0953125 0.1328125
1 0.7046875 0.55859375 0.0859375 0.19375
1 0.73828125 0.55546875 0.1484375 0.165625