1 0.06875 0.46953125 0.13671875 0.36875
2 0.18125 0.43046875 0.19140625 0.2671875
1 0.30078125 0.484375 0.09765625 0.12890625
7 0.35 0.3796875 0.01953125 0.0328125
7 0.35 0.38203125 0.0140625 0.02734375
1 0.3609375 0.49375 0.025 0.071875
1 0.38671875 0.49921875 0.0234375 0.0484375
7 0.38359375 0.38125 0.0140625 0.0296875
7 0.384375 0.3796875 0.0140625 0.02734375
1 0.41328125 0.4953125 0.05859375 0.0796875
7 0.4375 0.378125 0.0140625 0.0296875
7 0.440625 0.375 0.015625 0.02734375
1 0.4640625 0.48046875 0.021875 0.053125
7 0.4765625 0.3765625 0.01953125 0.0375
1 0.5046875 0.5 0.06875 0.09375
7 0.478125 0.378125 0.0140625 0.0296875
7 0.559375 0.4171875 0.01171875 0.02734375
1 0.7140625 0.4640625 0.078125 0.06875
7 0.7125 0.36328125 0.0234375 0.0375
1 0.8625 0.4546875 0.08203125 0.05625