1 0.05 0.6125 0.1 0.26953125
2 0.05859375 0.4890625 0.1171875 0.1859375
1 0.1171875 0.56328125 0.10546875 0.109375
1 0.17578125 0.4734375 0.1234375 0.1234375
2 0.184375 0.4890625 0.13125 0.1390625
1 0.28828125 0.625 0.2890625 0.3453125
2 0.40546875 0.5296875 0.12890625 0.19140625
1 0.43359375 0.51953125 0.0765625 0.259375
1 0.50859375 0.5375 0.05625 0.0859375
1 0.53125 0.5328125 0.0296875 0.109375
1 0.5859375 0.525 0.1078125 0.15234375
1 0.6546875 0.55859375 0.17578125 0.18359375
2 0.74921875 0.478125 0.109375 0.19375