3 0.0515625 0.6546875 0.103125 0.55625
1 0.11875 0.55859375 0.084375 0.08984375
1 0.22578125 0.54765625 0.08984375 0.1078125
1 0.275 0.53203125 0.0328125 0.0859375
1 0.28203125 0.5296875 0.03125 0.0640625
1 0.30546875 0.5171875 0.0296875 0.0640625
1 0.35625 0.51484375 0.025 0.0453125
1 0.43359375 0.515625 0.0453125 0.05859375
1 0.6765625 0.53828125 0.3453125 0.2171875
3 0.56640625 0.49375 0.0140625 0.08203125
4 0.58203125 0.31328125 0.025 0.0953125
3 0.59296875 0.49140625 0.01171875 0.0796875
1 0.97265625 0.52734375 0.05078125 0.12890625
3 0.98515625 0.471875 0.025 0.140625