1 0.05625 0.5265625 0.1125 0.246875
1 0.065625 0.49140625 0.0921875 0.0921875
1 0.23046875 0.5375 0.2171875 0.26953125
1 0.2296875 0.51484375 0.1640625 0.1640625
8 0.25078125 0.34296875 0.0234375 0.06640625
4 0.25390625 0.33515625 0.01953125 0.05078125
1 0.49296875 0.63359375 0.4609375 0.475
4 0.30625 0.34375 0.01953125 0.0546875
5 0.3859375 0.34296875 0.01953125 0.0546875
4 0.39140625 0.3328125 0.0171875 0.046875
5 0.44609375 0.346875 0.0328125 0.078125
7 0.44609375 0.340625 0.0171875 0.0484375
5 0.56953125 0.41484375 0.0171875 0.0609375
5 0.571875 0.40625 0.0171875 0.0453125
1 0.83984375 0.48515625 0.14453125 0.09765625