3 0.69375 0.48515625 0.03125 0.0859375
1 0.0515625 0.51640625 0.0796875 0.0796875
7 0.05 0.440625 0.01953125 0.04296875
1 0.10859375 0.51171875 0.03515625 0.05625
1 0.153125 0.503125 0.03515625 0.05078125
7 0.18828125 0.35546875 0.01953125 0.0375
1 0.27421875 0.496875 0.0609375 0.078125
7 0.25625 0.35859375 0.01953125 0.0328125
7 0.33671875 0.4265625 0.015625 0.03125
1 0.43125 0.51875 0.178125 0.2640625
1 0.55859375 0.5140625 0.115625 0.1265625
7 0.528125 0.38359375 0.0328125 0.0609375
1 0.70703125 0.56171875 0.134375 0.19140625
1 0.88125 0.559375 0.234375 0.3921875