3 0.621875 0.50859375 0.01171875 0.0390625
1 0.0859375 0.534375 0.0640625 0.0453125
1 0.0859375 0.528125 0.046875 0.04296875
5 0.38125 0.4484375 0.01171875 0.0375
1 0.41875 0.5171875 0.0484375 0.06875
1 0.478125 0.5203125 0.03125 0.0390625
5 0.4734375 0.38203125 0.009375 0.0328125
1 0.5 0.5125 0.0234375 0.0296875
1 0.52265625 0.51875 0.0625 0.084375
5 0.5328125 0.37421875 0.01171875 0.03515625
1 0.659375 0.51953125 0.05625 0.0640625
1 0.7421875 0.53125 0.0453125 0.071875
1 0.80390625 0.51875 0.1078125 0.109375
1 0.80625 0.528125 0.10546875 0.11328125