6 0.1828125 0.49140625 0.009375 0.03125
1 0.30546875 0.55625 0.053125 0.0375
1 0.3078125 0.55546875 0.053125 0.040625
0 0.32890625 0.540625 0.015625 0.021875
1 0.403125 0.5578125 0.03125 0.0453125
6 0.409375 0.434375 0.01171875 0.0296875
6 0.41015625 0.43125 0.01171875 0.02734375
1 0.43125 0.559375 0.04296875 0.046875
4 0.46171875 0.48046875 0.009375 0.0296875
4 0.4625 0.48359375 0.0078125 0.01953125
5 0.5203125 0.46875 0.0140625 0.0375
5 0.521875 0.46875 0.0140625 0.0390625
0 0.62109375 0.559375 0.040625 0.196875