1 0.0796875 0.61328125 0.159375 0.2015625
5 0.1625 0.40703125 0.02734375 0.06640625
3 0.16796875 0.55859375 0.0375 0.1078125
5 0.1609375 0.4078125 0.021875 0.0609375
3 0.16875 0.55859375 0.021875 0.09375
3 0.17890625 0.53828125 0.015625 0.0375
3 0.20390625 0.5484375 0.0171875 0.071875
1 0.2609375 0.5671875 0.0453125 0.0546875
1 0.3171875 0.559375 0.0796875 0.09765625
1 0.375 0.54375 0.06875 0.071875
1 0.37578125 0.5453125 0.0390625 0.0546875
1 0.446875 0.55 0.103125 0.1546875
1 0.50625 0.534375 0.0296875 0.0453125
5 0.6015625 0.38203125 0.01953125 0.0640625
3 0.61328125 0.52265625 0.021875 0.0875
3 0.62890625 0.51484375 0.02734375 0.0875
3 0.63125 0.515625 0.015625 0.078125
3 0.65234375 0.509375 0.021875 0.08984375
3 0.69375 0.50703125 0.0171875 0.08984375
3 0.7046875 0.51640625 0.015625 0.0796875
3 0.925 0.4921875 0.02734375 0.1234375
1 0.959375 0.52734375 0.07421875 0.078125
3 0.9828125 0.46796875 0.025 0.0765625