1 0.121875 0.53828125 0.0546875 0.0609375
1 0.159375 0.5375 0.0453125 0.0609375
1 0.2140625 0.53046875 0.0328125 0.04296875
1 0.2546875 0.5265625 0.04296875 0.03125
1 0.25703125 0.525 0.03515625 0.0390625
1 0.37109375 0.5703125 0.2046875 0.28125
1 0.4625 0.54296875 0.04296875 0.1109375
1 0.51640625 0.51953125 0.0484375 0.05859375
1 0.515625 0.52265625 0.0375 0.0546875
3 0.5296875 0.51953125 0.025 0.078125
3 0.528125 0.51953125 0.01953125 0.0703125
1 0.62109375 0.503125 0.05625 0.05625
1 0.85 0.58515625 0.296875 0.3578125
1 0.940625 0.65625 0.115625 0.43359375