3 0.06171875 0.55390625 0.02734375 0.103125
3 0.06171875 0.5453125 0.0171875 0.09765625
1 0.11015625 0.5546875 0.09375 0.084375
1 0.16328125 0.5171875 0.03515625 0.04296875
1 0.21015625 0.54765625 0.1015625 0.1109375
1 0.26875 0.52265625 0.0625 0.1
1 0.34296875 0.50859375 0.046875 0.03125
3 0.38125 0.5078125 0.01953125 0.0546875
3 0.39765625 0.50703125 0.015625 0.046875
1 0.4359375 0.5078125 0.02734375 0.06640625
1 0.4953125 0.51875 0.0796875 0.1171875
3 0.659375 0.4875 0.025 0.115625
3 0.68828125 0.4921875 0.03125 0.134375
1 0.96015625 0.52421875 0.078125 0.1421875