1 0.2453125 0.55859375 0.06875 0.0796875
1 0.24921875 0.55859375 0.0703125 0.078125
1 0.29296875 0.54375 0.0390625 0.0484375
1 0.325 0.5328125 0.0328125 0.046875
7 0.4578125 0.38203125 0.0140625 0.040625
8 0.4578125 0.3796875 0.0140625 0.03125
1 0.4984375 0.53125 0.0609375 0.0765625
1 0.49609375 0.53046875 0.05078125 0.0796875
5 0.528125 0.39375 0.0171875 0.0375
5 0.52734375 0.39765625 0.01171875 0.03125
5 0.6125 0.4578125 0.01171875 0.03125
5 0.63203125 0.4453125 0.0140625 0.0328125
0 0.815625 0.5390625 0.05625 0.265625