1 0.88671875 0.621875 0.225 0.31640625
1 0.021875 0.4859375 0.03515625 0.05078125
8 0.0578125 0.36640625 0.01953125 0.04296875
7 0.059375 0.36640625 0.01953125 0.0375
7 0.1125 0.375 0.01953125 0.0328125
7 0.1140625 0.371875 0.015625 0.0328125
1 0.14921875 0.48515625 0.03125 0.053125
1 0.159375 0.48046875 0.0453125 0.05078125
1 0.178125 0.484375 0.05078125 0.0453125
1 0.18046875 0.48046875 0.0453125 0.05078125
7 0.1828125 0.42890625 0.0140625 0.03125
7 0.184375 0.4265625 0.0140625 0.0296875
1 0.2203125 0.48359375 0.02734375 0.0625
1 0.2546875 0.48359375 0.0609375 0.0609375
1 0.25390625 0.478125 0.05625 0.05625
1 0.33125 0.484375 0.0859375 0.1109375
1 0.3921875 0.49375 0.04296875 0.0625
1 0.43359375 0.50390625 0.04296875 0.06875
1 0.4796875 0.496875 0.0625 0.1078125
1 0.48125 0.49296875 0.05625 0.11875
1 0.5421875 0.51640625 0.0765625 0.1421875
1 0.55 0.51640625 0.0921875 0.13671875
1 0.671875 0.540625 0.18359375 0.1625
1 0.67109375 0.546875 0.17578125 0.19375