0 0.740625 0.5296875 0.05859375 0.0875
0 0.6625 0.53046875 0.03515625 0.0921875
0 0.61796875 0.5328125 0.053125 0.08203125
0 0.0859375 0.54765625 0.0453125 0.08984375
3 0.1328125 0.56875 0.084375 0.23046875
3 0.109375 0.546875 0.021875 0.07421875
1 0.3296875 0.65234375 0.3296875 0.415625
1 0.2265625 0.50859375 0.046875 0.10546875
8 0.28046875 0.275 0.01953125 0.0625
7 0.38984375 0.2875 0.0171875 0.0703125
0 0.5046875 0.53125 0.11328125 0.203125
1 0.51484375 0.5234375 0.05625 0.0796875
7 0.5625 0.4078125 0.021875 0.0640625
3 0.68828125 0.48515625 0.021875 0.04296875
3 0.70703125 0.48046875 0.0171875 0.04296875