1 0.0421875 0.5640625 0.084375 0.0875
1 0.14765625 0.521875 0.025 0.040625
1 0.2953125 0.5296875 0.08984375 0.06640625
1 0.290625 0.5265625 0.0796875 0.0703125
1 0.2671875 0.51640625 0.03125 0.05078125
1 0.26875 0.5203125 0.02734375 0.0453125
8 0.32421875 0.3625 0.0171875 0.03515625
8 0.3265625 0.371875 0.0171875 0.04296875
1 0.36640625 0.540625 0.06640625 0.08203125
1 0.3703125 0.5328125 0.0640625 0.07421875
7 0.39921875 0.3734375 0.015625 0.04296875
7 0.40234375 0.371875 0.0171875 0.0390625
1 0.4671875 0.528125 0.053125 0.09375
1 0.478125 0.5171875 0.0609375 0.0953125
7 0.46484375 0.390625 0.015625 0.0390625
7 0.46484375 0.38984375 0.015625 0.0328125
1 0.51875 0.54375 0.0921875 0.1015625
7 0.5453125 0.4453125 0.01953125 0.046875
4 0.5453125 0.44453125 0.0140625 0.03515625
1 0.609375 0.50859375 0.1078125 0.10546875
1 0.60546875 0.50703125 0.0953125 0.13671875
1 0.7328125 0.55390625 0.15 0.140625
7 0.76640625 0.38984375 0.021875 0.053125
7 0.76953125 0.39140625 0.025 0.0796875