1 0.19921875 0.54296875 0.0453125 0.0625
1 0.20234375 0.53828125 0.0328125 0.05625
8 0.28125 0.37109375 0.0171875 0.0546875
7 0.28203125 0.375 0.0140625 0.04296875
1 0.35078125 0.5359375 0.03515625 0.0453125
5 0.36015625 0.38359375 0.0171875 0.03515625
5 0.36328125 0.378125 0.01953125 0.05078125
1 0.39921875 0.5296875 0.0375 0.040625
5 0.425 0.3875 0.0171875 0.0484375
5 0.42578125 0.39375 0.01953125 0.0390625
1 0.47578125 0.5359375 0.04296875 0.05859375
1 0.51875 0.55078125 0.09375 0.1015625
5 0.55625 0.4640625 0.021875 0.03515625
1 0.559375 0.4546875 0.021875 0.046875
1 0.58125 0.53515625 0.0484375 0.0609375
1 0.653125 0.540625 0.0859375 0.07421875
5 0.73046875 0.39921875 0.021875 0.0640625
1 0.89375 0.571875 0.209375 0.1625