1 0.27734375 0.4984375 0.0328125 0.0375
1 0.32109375 0.5015625 0.0921875 0.09375
1 0.32109375 0.50390625 0.0859375 0.09765625
1 0.3890625 0.50078125 0.05625 0.05078125
1 0.3859375 0.496875 0.0390625 0.0390625
1 0.45234375 0.503125 0.046875 0.0484375
7 0.4390625 0.43359375 0.01953125 0.0625
1 0.459375 0.49921875 0.0546875 0.0546875
7 0.446875 0.43359375 0.02734375 0.084375
1 0.50390625 0.4859375 0.053125 0.046875
1 0.575 0.49140625 0.0609375 0.04296875
1 0.615625 0.4796875 0.03515625 0.0453125
1 0.6140625 0.48125 0.021875 0.0328125
7 0.6171875 0.2328125 0.015625 0.040625
8 0.6203125 0.234375 0.0171875 0.05078125
7 0.64453125 0.39140625 0.01953125 0.05078125
7 0.6484375 0.37890625 0.015625 0.0390625
1 0.66796875 0.5109375 0.03125 0.1078125
1 0.76875 0.51640625 0.1890625 0.22265625
7 0.709375 0.3765625 0.0140625 0.0390625
7 0.71015625 0.38203125 0.015625 0.0390625
7 0.73359375 0.2625 0.0171875 0.040625
7 0.7375 0.2609375 0.01953125 0.0484375
1 0.8625 0.49140625 0.0453125 0.15
7 0.88125 0.3640625 0.01953125 0.05078125
7 0.88125 0.3671875 0.015625 0.040625
1 0.94140625 0.52265625 0.115625 0.1625
1 0.94375 0.51953125 0.1109375 0.203125
3 0.9921875 0.5109375 0.0140625 0.078125