2 0.51484375 0.50703125 0.02734375 0.03515625
1 0.01484375 0.58515625 0.0296875 0.140625
2 0.0765625 0.5015625 0.109375 0.0875
1 0.09375 0.5765625 0.140625 0.1796875
1 0.28515625 0.59296875 0.32421875 0.42578125
4 0.31875 0.33203125 0.0171875 0.05078125
7 0.41484375 0.325 0.015625 0.040625
7 0.49296875 0.32734375 0.015625 0.046875
3 0.5203125 0.53125 0.015625 0.0703125
1 0.74609375 0.578125 0.2125 0.2109375
7 0.68125 0.41796875 0.0234375 0.0625
7 0.68046875 0.41484375 0.015625 0.04296875
1 0.7078125 0.5375 0.05625 0.0640625
1 0.92578125 0.515625 0.1265625 0.0921875
7 0.93125 0.246875 0.040625 0.1234375
3 0.9703125 0.54296875 0.03515625 0.11875