1 0.03125 0.4859375 0.0609375 0.0609375
8 0.22734375 0.3890625 0.015625 0.04296875
0 0.3234375 0.471875 0.021875 0.05078125
1 0.365625 0.471875 0.05078125 0.05625
1 0.39453125 0.47578125 0.0296875 0.040625
1 0.40234375 0.47578125 0.0234375 0.040625
1 0.43671875 0.471875 0.0390625 0.05625
7 0.48046875 0.3125 0.0140625 0.03125
7 0.48359375 0.315625 0.015625 0.040625
7 0.5421875 0.3109375 0.015625 0.0296875
7 0.5453125 0.32109375 0.015625 0.040625
7 0.60625 0.32734375 0.015625 0.0453125
7 0.60859375 0.31953125 0.0171875 0.03515625
1 0.73515625 0.48125 0.11875 0.0625
7 0.72265625 0.3921875 0.01953125 0.0453125
7 0.72265625 0.39453125 0.0171875 0.040625
1 0.8625 0.4671875 0.05625 0.06640625
1 0.865625 0.45703125 0.040625 0.0390625
7 0.86328125 0.33515625 0.01953125 0.06640625
7 0.8640625 0.33984375 0.015625 0.06640625
1 0.9796875 0.48046875 0.0390625 0.0640625
1 0.98359375 0.478125 0.03125 0.0625