1 0.07109375 0.603125 0.140625 0.19921875
1 0.84140625 0.69375 0.3171875 0.490625
1 0.15234375 0.57109375 0.115625 0.15234375
1 0.153125 0.56875 0.0875 0.13125
1 0.20703125 0.55625 0.09375 0.11875
1 0.21484375 0.5609375 0.0609375 0.115625
1 0.2921875 0.52421875 0.08203125 0.1078125
1 0.28828125 0.528125 0.0703125 0.08984375
1 0.34453125 0.53125 0.0296875 0.0390625
1 0.45703125 0.52421875 0.03125 0.0390625
1 0.4890625 0.54296875 0.03125 0.06875
1 0.50390625 0.5421875 0.03125 0.084375
1 0.5515625 0.5578125 0.1078125 0.125
1 0.6796875 0.51171875 0.053125 0.05625