1 0.0796875 0.52421875 0.0609375 0.06875
1 0.0890625 0.5171875 0.0609375 0.0484375
1 0.1390625 0.51640625 0.05625 0.0375
1 0.146875 0.5140625 0.04296875 0.0328125
1 0.246875 0.50703125 0.0375 0.05078125
1 0.2453125 0.50390625 0.03125 0.040625
1 0.2953125 0.50078125 0.0296875 0.0390625
5 0.4390625 0.39375 0.01953125 0.0328125
1 0.45390625 0.4875 0.04296875 0.040625
5 0.46953125 0.403125 0.0140625 0.0296875
1 0.5109375 0.5203125 0.084375 0.10546875
5 0.56328125 0.434375 0.0140625 0.0296875
1 0.6921875 0.4859375 0.103125 0.06640625