1 0.1265625 0.55546875 0.078125 0.0765625
3 0.06953125 0.5390625 0.0296875 0.10546875
3 0.221875 0.503125 0.021875 0.071875
3 0.184375 0.51640625 0.02734375 0.0921875
1 0.3015625 0.61640625 0.5609375 0.33984375
3 0.534375 0.49296875 0.021875 0.0609375
3 0.534375 0.4875 0.01953125 0.040625
3 0.5703125 0.51875 0.0234375 0.1265625
4 0.58203125 0.3078125 0.02734375 0.0921875
3 0.853125 0.49140625 0.02734375 0.13125
3 0.8640625 0.4890625 0.025 0.1390625
3 0.88984375 0.4734375 0.025 0.13671875
3 0.8890625 0.478125 0.0234375 0.140625
1 0.940625 0.8671875 0.115625 0.2578125
3 0.91015625 0.48046875 0.025 0.1390625
3 0.9078125 0.4875 0.021875 0.1390625
3 0.94140625 0.48125 0.0328125 0.165625
3 0.96015625 0.4734375 0.0171875 0.140625