1 0.03203125 0.56328125 0.0640625 0.1546875
1 0.07734375 0.55625 0.1109375 0.1171875
2 0.12421875 0.5046875 0.0953125 0.103125
2 0.121875 0.496875 0.08984375 0.0765625
1 0.21953125 0.55546875 0.12109375 0.12109375
1 0.36015625 0.5515625 0.16796875 0.2125
4 0.3296875 0.346875 0.0140625 0.0375
7 0.415625 0.3421875 0.0140625 0.0375
7 0.48515625 0.34375 0.01171875 0.0390625
1 0.57734375 0.52265625 0.0546875 0.09765625
1 0.5828125 0.51953125 0.0609375 0.071875
1 0.6390625 0.5515625 0.1171875 0.140625
7 0.64921875 0.42265625 0.0171875 0.046875
7 0.65234375 0.421875 0.0140625 0.0296875
7 0.79609375 0.315625 0.0328125 0.10546875
1 0.9046875 0.5453125 0.1875 0.3203125