3 0.51875 0.51640625 0.009375 0.046875
3 0.51171875 0.51640625 0.009375 0.0484375
1 0.89765625 0.484375 0.13671875 0.07421875
1 0.046875 0.58671875 0.0921875 0.14453125
1 0.1765625 0.5484375 0.04296875 0.05078125
8 0.27734375 0.3390625 0.0171875 0.0484375
8 0.2796875 0.34453125 0.01953125 0.05078125
1 0.34296875 0.53046875 0.05625 0.06640625
9 0.36015625 0.33984375 0.0171875 0.04296875
9 0.365625 0.3375 0.021875 0.05078125
1 0.4171875 0.53125 0.02734375 0.0390625
9 0.4984375 0.43125 0.0234375 0.0375
9 0.49921875 0.4359375 0.01171875 0.040625
1 0.7734375 0.49375 0.08984375 0.071875