3 0.8703125 0.578125 0.1109375 0.428125
1 0.0453125 0.58671875 0.084375 0.19375
1 0.084375 0.55625 0.07421875 0.13671875
1 0.09375 0.55390625 0.0625 0.17578125
1 0.14921875 0.56640625 0.0953125 0.16015625
1 0.15 0.559375 0.0953125 0.14453125
3 0.1859375 0.52265625 0.0328125 0.12890625
3 0.18828125 0.5171875 0.021875 0.11875
1 0.2765625 0.5328125 0.1109375 0.078125
1 0.2921875 0.53125 0.115625 0.078125
1 0.32734375 0.52265625 0.071875 0.071875
1 0.3609375 0.515625 0.103125 0.078125
2 0.35234375 0.5234375 0.0234375 0.0796875
2 0.3796875 0.52265625 0.06875 0.078125
2 0.45703125 0.49375 0.0609375 0.134375
2 0.4578125 0.48828125 0.05859375 0.13671875
1 0.51953125 0.5328125 0.046875 0.0609375
1 0.5203125 0.5359375 0.0453125 0.05859375
2 0.528125 0.4625 0.05859375 0.09375
2 0.528125 0.48828125 0.053125 0.1265625
3 0.60625 0.51640625 0.03125 0.1703125
3 0.6078125 0.5171875 0.0328125 0.1625
3 0.6046875 0.51953125 0.015625 0.1265625
3 0.7796875 0.571875 0.09765625 0.40234375