1 0.034375 0.590625 0.06875 0.1078125
1 0.92265625 0.66875 0.1546875 0.46875
1 0.128125 0.57109375 0.0875 0.0640625
1 0.1921875 0.559375 0.0703125 0.0796875
1 0.1890625 0.55859375 0.040625 0.06640625
1 0.234375 0.5578125 0.0390625 0.0484375
1 0.26875 0.55625 0.021875 0.046875
1 0.375 0.603125 0.14453125 0.2109375
1 0.55546875 0.55390625 0.05625 0.15234375
1 0.5578125 0.55 0.0484375 0.1234375
1 0.6125 0.58515625 0.06875 0.1546875
1 0.61328125 0.578125 0.06640625 0.11875
1 0.6984375 0.57890625 0.103125 0.1578125
1 0.7984375 0.6203125 0.1 0.22265625