1 0.02265625 0.57890625 0.0453125 0.103125
1 0.921875 0.62890625 0.15234375 0.3515625
1 0.06953125 0.5578125 0.0765625 0.1015625
1 0.13125 0.5515625 0.02734375 0.0328125
1 0.16015625 0.55078125 0.02734375 0.0484375
1 0.1859375 0.5515625 0.02734375 0.04296875
1 0.225 0.55078125 0.046875 0.0453125
1 0.25 0.54609375 0.0328125 0.03515625
1 0.34453125 0.5515625 0.109375 0.1546875
1 0.415625 0.5484375 0.04296875 0.071875
1 0.4453125 0.546875 0.0328125 0.07421875
1 0.46953125 0.534375 0.025 0.1015625
1 0.5046875 0.5375 0.05859375 0.09765625
1 0.5015625 0.5390625 0.04296875 0.1
1 0.5203125 0.55390625 0.046875 0.1109375
1 0.51875 0.54765625 0.0375 0.1109375
1 0.6234375 0.54375 0.17578125 0.171875
1 0.6125 0.540625 0.15 0.15234375
1 0.77421875 0.5765625 0.2328125 0.22265625