2 0.05390625 0.503125 0.1078125 0.053125
1 0.0765625 0.5390625 0.053125 0.03125
1 0.11640625 0.5359375 0.03125 0.0296875
1 0.34453125 0.48125 0.01953125 0.0328125
5 0.41796875 0.4 0.0171875 0.046875
5 0.4171875 0.3953125 0.009375 0.03125
1 0.44609375 0.48828125 0.0171875 0.0234375
5 0.4671875 0.4046875 0.015625 0.0453125
5 0.4671875 0.39765625 0.0140625 0.03125
1 0.4703125 0.49140625 0.01171875 0.0234375
1 0.48125 0.5109375 0.03125 0.0546875
1 0.48046875 0.5109375 0.025 0.03515625
1 0.53125 0.52421875 0.05859375 0.0765625
5 0.57734375 0.42265625 0.021875 0.046875
5 0.57421875 0.4234375 0.015625 0.0390625