2 0.0609375 0.5078125 0.12109375 0.040625
1 0.0796875 0.58671875 0.159375 0.1546875
3 0.19453125 0.5375 0.021875 0.0625
7 0.353125 0.1859375 0.03515625 0.0859375
1 0.45625 0.534375 0.13125 0.071875
1 0.61875 0.521875 0.11328125 0.0703125
1 0.61875 0.52421875 0.1078125 0.078125
7 0.60234375 0.35078125 0.02734375 0.0875
7 0.60546875 0.3484375 0.0171875 0.07421875
3 0.69609375 0.5328125 0.0234375 0.1421875
3 0.7734375 0.5375 0.02734375 0.1546875
3 0.803125 0.534375 0.0296875 0.15234375
3 0.83203125 0.53125 0.0375 0.1640625
3 0.88203125 0.5171875 0.0453125 0.17578125