1 0.3328125 0.50859375 0.06875 0.07421875
1 0.38203125 0.4984375 0.04296875 0.0609375
1 0.38125 0.49609375 0.0296875 0.0640625
1 0.4875 0.4890625 0.05078125 0.0390625
7 0.528125 0.3453125 0.0171875 0.03515625
1 0.5609375 0.4921875 0.05078125 0.0625
7 0.59453125 0.36640625 0.0171875 0.040625
7 0.634375 0.4515625 0.009375 0.0296875
1 0.67109375 0.49375 0.05859375 0.071875
7 0.6640625 0.42890625 0.015625 0.040625
7 0.6875 0.409375 0.0171875 0.03515625
3 0.8859375 0.471875 0.021875 0.0859375
3 0.88671875 0.475 0.021875 0.078125