1 0.13984375 0.5359375 0.03515625 0.05078125
1 0.1109375 0.540625 0.0375 0.05078125
1 0.07890625 0.54375 0.05078125 0.046875
1 0.0296875 0.553125 0.05625 0.053125
1 0.16484375 0.53515625 0.0296875 0.053125
1 0.16484375 0.5328125 0.0296875 0.046875
1 0.2171875 0.53828125 0.071875 0.084375
1 0.21875 0.5375 0.071875 0.06875
1 0.33671875 0.52421875 0.0453125 0.03515625
1 0.39765625 0.51953125 0.0375 0.05625
1 0.434375 0.51875 0.03125 0.05625
1 0.4859375 0.51875 0.04296875 0.053125
1 0.5375 0.5390625 0.09375 0.12109375
1 0.60546875 0.5109375 0.0546875 0.0875
2 0.6046875 0.509375 0.053125 0.0765625
1 0.7171875 0.55546875 0.1171875 0.11875