1 0.13359375 0.55859375 0.234375 0.2171875
7 0.2359375 0.44609375 0.0171875 0.025
7 0.36875 0.42578125 0.015625 0.03125
5 0.44140625 0.35078125 0.015625 0.0390625
5 0.4421875 0.36328125 0.015625 0.0328125
5 0.5703125 0.42890625 0.015625 0.03515625
5 0.5921875 0.41796875 0.0171875 0.0546875
5 0.5921875 0.428125 0.0140625 0.03515625
1 0.64765625 0.496875 0.0765625 0.078125
2 0.66875 0.45625 0.1109375 0.0953125
1 0.67265625 0.4578125 0.11328125 0.0796875
1 0.65 0.49921875 0.0609375 0.0546875
1 0.8078125 0.4828125 0.084375 0.03515625
1 0.834375 0.4703125 0.06875 0.071875
1 0.84296875 0.4625 0.05078125 0.040625
1 0.88359375 0.4671875 0.05078125 0.0609375