1 0.384375 0.51875 0.0140625 0.01953125
2 0.06875 0.52265625 0.13671875 0.0921875
7 0.36015625 0.209375 0.0296875 0.0859375
1 0.425 0.51953125 0.046875 0.053125
1 0.425 0.5171875 0.0296875 0.0390625
7 0.59765625 0.36640625 0.02734375 0.08203125
3 0.728125 0.521875 0.0328125 0.12109375
3 0.725 0.5234375 0.025 0.12109375
3 0.7546875 0.52421875 0.03515625 0.115625
3 0.75390625 0.52421875 0.0296875 0.1234375
3 0.83515625 0.5359375 0.06640625 0.2125
3 0.9421875 0.5578125 0.06640625 0.271875
5 0.9703125 0.0796875 0.05859375 0.1578125