2 0.05390625 0.4640625 0.10546875 0.20703125
1 0.2765625 0.521875 0.1484375 0.16015625
8 0.24921875 0.2640625 0.021875 0.078125
1 0.35 0.48046875 0.05625 0.06875
9 0.36796875 0.26640625 0.021875 0.0640625
1 0.390625 0.4703125 0.02734375 0.0546875
1 0.428125 0.49140625 0.0640625 0.0609375
9 0.44375 0.2890625 0.0296875 0.05859375
1 0.4828125 0.48046875 0.0328125 0.04296875
2 0.5265625 0.46875 0.04296875 0.078125
9 0.6140625 0.3828125 0.01953125 0.0546875
9 0.61328125 0.38359375 0.0171875 0.0546875
1 0.65625 0.5046875 0.0875 0.0796875
1 0.7765625 0.52734375 0.2125 0.2328125
9 0.75078125 0.30625 0.025 0.08984375
9 0.7515625 0.29765625 0.025 0.0796875