1 0.08671875 0.525 0.1234375 0.109375
2 0.1046875 0.4765625 0.13671875 0.0765625
2 0.11640625 0.459375 0.109375 0.05859375
1 0.17265625 0.50390625 0.0546875 0.05859375
1 0.21796875 0.503125 0.04296875 0.05859375
1 0.2234375 0.503125 0.02734375 0.0453125
1 0.2453125 0.5 0.0296875 0.05078125
1 0.24609375 0.50078125 0.01171875 0.05078125
1 0.26875 0.4921875 0.02734375 0.0546875
1 0.26953125 0.50078125 0.0171875 0.0453125
1 0.2953125 0.4984375 0.01953125 0.0390625
8 0.465625 0.434375 0.01953125 0.0390625
4 0.52421875 0.3953125 0.0171875 0.0390625
9 0.54765625 0.434375 0.015625 0.01953125
7 0.54765625 0.434375 0.0140625 0.0375
9 0.58671875 0.415625 0.0171875 0.0296875
7 0.58984375 0.4171875 0.0140625 0.04296875
1 0.73515625 0.50859375 0.1234375 0.14453125