1 0.12890625 0.503125 0.06640625 0.0625
1 0.20703125 0.496875 0.05625 0.05859375
1 0.26875 0.49296875 0.0609375 0.05625
1 0.2703125 0.4953125 0.0484375 0.05625
1 0.2984375 0.48515625 0.040625 0.0546875
6 0.321875 0.321875 0.0171875 0.0453125
6 0.3234375 0.32109375 0.015625 0.0484375
1 0.38984375 0.4953125 0.03515625 0.040625
5 0.4015625 0.32734375 0.0171875 0.04296875
5 0.4015625 0.3296875 0.0140625 0.04296875
1 0.43125 0.496875 0.03515625 0.05078125
1 0.44609375 0.49140625 0.03125 0.04296875
1 0.4984375 0.496875 0.03125 0.046875
5 0.61015625 0.421875 0.0140625 0.040625
5 0.6109375 0.41796875 0.015625 0.040625
3 0.7234375 0.5125 0.02734375 0.0875
5 0.7875 0.31171875 0.03515625 0.09765625
5 0.7859375 0.3171875 0.02734375 0.10546875