1 0.08125 0.559375 0.1625 0.1890625
3 0.0234375 0.525 0.021875 0.06875
1 0.1890625 0.5375 0.109375 0.125
1 0.27734375 0.52265625 0.08984375 0.06640625
1 0.2765625 0.521875 0.08203125 0.05625
1 0.3265625 0.5203125 0.0453125 0.05859375
1 0.32421875 0.5234375 0.0375 0.040625
1 0.3390625 0.5140625 0.05859375 0.0609375
1 0.3421875 0.503125 0.03515625 0.040625
1 0.37578125 0.51484375 0.03125 0.040625
1 0.41875 0.5078125 0.05625 0.071875
1 0.4171875 0.50859375 0.04296875 0.0546875
1 0.475 0.51875 0.08203125 0.07421875
1 0.53515625 0.51875 0.03125 0.0546875
1 0.65625 0.515625 0.1890625 0.165625
1 0.66015625 0.51640625 0.1734375 0.15
1 0.72578125 0.54296875 0.23828125 0.171875