1 0.06328125 0.56640625 0.1265625 0.290625
1 0.1 0.50859375 0.196875 0.196875
1 0.2625 0.5015625 0.146875 0.16015625
1 0.35546875 0.48515625 0.05078125 0.0953125
1 0.359375 0.4859375 0.0546875 0.0953125
1 0.40234375 0.475 0.046875 0.0859375
1 0.403125 0.4765625 0.040625 0.0859375
1 0.42109375 0.42265625 0.0609375 0.05859375
1 0.42890625 0.41796875 0.0609375 0.0546875
1 0.43671875 0.47734375 0.0328125 0.0640625
1 0.4421875 0.475 0.04296875 0.078125
1 0.465625 0.453125 0.040625 0.0796875
1 0.4765625 0.45234375 0.021875 0.08203125
1 0.49296875 0.44921875 0.03515625 0.05859375
1 0.534375 0.4390625 0.021875 0.0640625
2 0.54765625 0.409375 0.0328125 0.115625
2 0.659375 0.38984375 0.07421875 0.1421875
1 0.7359375 0.42578125 0.05625 0.0640625
1 0.77734375 0.44140625 0.0453125 0.084375
1 0.82890625 0.49609375 0.08203125 0.10546875
1 0.8109375 0.434375 0.0328125 0.0875
1 0.85078125 0.43671875 0.0796875 0.0609375
1 0.8890625 0.45703125 0.0484375 0.125
1 0.9375 0.54609375 0.1234375 0.1546875
1 0.94921875 0.4546875 0.09765625 0.109375