1 0.0578125 0.609375 0.115625 0.1578125
3 0.96171875 0.571875 0.0546875 0.23828125
3 0.9 0.58984375 0.046875 0.2125
0 0.18828125 0.5890625 0.0453125 0.1390625
1 0.26953125 0.5828125 0.11875 0.1328125
1 0.371875 0.5453125 0.03515625 0.0390625
1 0.43046875 0.575 0.078125 0.1
0 0.575 0.5859375 0.05625 0.2515625
4 0.5875 0.2734375 0.03125 0.1078125
3 0.62890625 0.53828125 0.025 0.0765625
3 0.67578125 0.534375 0.021875 0.071875
3 0.709375 0.53828125 0.021875 0.1078125
3 0.7375 0.5390625 0.01953125 0.10546875