1 0.06640625 0.56328125 0.125 0.11328125
1 0.134375 0.54375 0.03515625 0.05078125
1 0.14140625 0.53828125 0.03515625 0.053125
1 0.3171875 0.53125 0.0453125 0.0390625
1 0.31640625 0.53125 0.0328125 0.0390625
1 0.39765625 0.51953125 0.0375 0.05625
1 0.4359375 0.51875 0.03515625 0.05625
1 0.49140625 0.51953125 0.04296875 0.053125
1 0.54609375 0.5453125 0.09375 0.109375
1 0.6140625 0.5140625 0.0609375 0.09375
2 0.61328125 0.51171875 0.053125 0.0796875
1 0.69453125 0.5484375 0.1078125 0.10546875
1 0.746875 0.54296875 0.05859375 0.0765625