1 0.24140625 0.51171875 0.103125 0.0796875
0 0.303125 0.48125 0.0484375 0.0625
0 0.30546875 0.48515625 0.0171875 0.0625
0 0.359375 0.48046875 0.053125 0.06875
0 0.35546875 0.4796875 0.015625 0.0546875
6 0.3609375 0.28984375 0.015625 0.053125
6 0.3609375 0.2921875 0.015625 0.05625
0 0.4265625 0.4828125 0.040625 0.05859375
0 0.4203125 0.48046875 0.01953125 0.05859375
4 0.45234375 0.3734375 0.0171875 0.06640625
4 0.4546875 0.378125 0.0171875 0.0484375
5 0.6328125 0.2859375 0.0296875 0.09765625
5 0.634375 0.28515625 0.02734375 0.103125