1 0.1828125 0.621875 0.365625 0.615625
8 0.346875 0.4328125 0.01953125 0.06640625
1 0.40546875 0.5875 0.1109375 0.234375
7 0.475 0.3546875 0.015625 0.0484375
1 0.5109375 0.5375 0.03125 0.040625
7 0.52421875 0.4296875 0.0171875 0.0546875
7 0.70625 0.31875 0.04296875 0.12109375
3 0.69921875 0.52734375 0.01171875 0.06875
3 0.7265625 0.5265625 0.021875 0.078125
3 0.72578125 0.51640625 0.015625 0.0546875
1 0.903125 0.53125 0.1109375 0.1109375
1 0.86875 0.55390625 0.04296875 0.0703125
1 0.940625 0.5390625 0.109375 0.1109375
1 0.9265625 0.55078125 0.06640625 0.0859375
1 0.975 0.53515625 0.0484375 0.1109375