1 0.9390625 0.5546875 0.12109375 0.15
1 0.0578125 0.44453125 0.0640625 0.0453125
1 0.05 0.440625 0.046875 0.04296875
1 0.0890625 0.440625 0.03515625 0.0453125
1 0.13359375 0.446875 0.0640625 0.0546875
1 0.1765625 0.44609375 0.03125 0.0546875
1 0.21484375 0.453125 0.0453125 0.0640625
1 0.2578125 0.4671875 0.046875 0.0546875
1 0.2609375 0.46796875 0.05078125 0.0484375
1 0.321875 0.46484375 0.046875 0.05078125
1 0.321875 0.4640625 0.04296875 0.0546875
5 0.4265625 0.44140625 0.0140625 0.0234375
1 0.47734375 0.51171875 0.1 0.1546875
5 0.4953125 0.41484375 0.01171875 0.03125
1 0.59375 0.496875 0.0453125 0.0546875
1 0.63359375 0.50390625 0.053125 0.05859375
1 0.675 0.50625 0.03125 0.0484375
1 0.725 0.50859375 0.05625 0.0640625
1 0.7953125 0.528125 0.09375 0.1109375
1 0.7984375 0.53515625 0.05859375 0.078125
1 0.853125 0.51875 0.0765625 0.0640625
1 0.9078125 0.5421875 0.078125 0.12109375