3 0.98046875 0.55 0.0375 0.1390625
3 0.9078125 0.553125 0.040625 0.1421875
1 0.0265625 0.565625 0.053125 0.103125
1 0.121875 0.5578125 0.1 0.11875
1 0.12421875 0.55859375 0.071875 0.103125
1 0.21875 0.5390625 0.0546875 0.0640625
1 0.32109375 0.5484375 0.1328125 0.1578125
1 0.3890625 0.534375 0.06640625 0.0875
1 0.4390625 0.54765625 0.0640625 0.115625
1 0.50859375 0.5328125 0.08984375 0.140625
1 0.5265625 0.559375 0.05859375 0.140625
1 0.5265625 0.559375 0.046875 0.12109375
1 0.60859375 0.53203125 0.1421875 0.25625
1 0.7953125 0.58203125 0.259375 0.228125