1 0.03984375 0.5703125 0.0796875 0.196875
1 0.09765625 0.559375 0.06640625 0.08203125
1 0.1 0.5515625 0.0484375 0.0796875
3 0.1609375 0.52265625 0.021875 0.04296875
3 0.16015625 0.52421875 0.0171875 0.0390625
1 0.38125 0.5359375 0.078125 0.0921875
1 0.5125 0.52421875 0.0625 0.08203125
3 0.6890625 0.53125 0.0390625 0.0546875
3 0.6859375 0.525 0.02734375 0.05078125
3 0.7 0.50859375 0.025 0.03515625
3 0.70390625 0.478125 0.0234375 0.078125
3 0.73515625 0.4921875 0.01953125 0.053125
3 0.82890625 0.4828125 0.053125 0.1578125