1 0.16875 0.48046875 0.06875 0.0765625
8 0.1609375 0.19375 0.021875 0.078125
1 0.321875 0.49140625 0.0921875 0.109375
9 0.31328125 0.1953125 0.021875 0.0640625
1 0.38125 0.45703125 0.02734375 0.0546875
1 0.4046875 0.4734375 0.0328125 0.040625
9 0.41328125 0.2203125 0.0296875 0.078125
1 0.440625 0.475 0.05078125 0.0546875
2 0.5140625 0.45234375 0.04296875 0.078125
2 0.51484375 0.4515625 0.040625 0.0625
9 0.6234375 0.346875 0.021875 0.0546875
9 0.62578125 0.34453125 0.0171875 0.0546875
1 0.6921875 0.484375 0.1265625 0.078125
1 0.91796875 0.46875 0.16015625 0.0953125