1 0.071875 0.47890625 0.14375 0.1546875
1 0.075 0.484375 0.15 0.1546875
8 0.26171875 0.3203125 0.01953125 0.04296875
1 0.26953125 0.496875 0.03515625 0.03125
8 0.26640625 0.321875 0.021875 0.0546875
1 0.33203125 0.49140625 0.1109375 0.1265625
5 0.3484375 0.315625 0.01953125 0.0453125
5 0.35 0.31328125 0.0171875 0.04296875
1 0.39375 0.503125 0.03515625 0.10546875
1 0.4 0.5 0.0390625 0.07421875
5 0.41484375 0.32109375 0.0171875 0.0453125
5 0.4171875 0.31953125 0.0140625 0.0484375
1 0.48125 0.5 0.06875 0.09375
0 0.565625 0.4953125 0.0234375 0.09375
0 0.5671875 0.496875 0.0234375 0.078125
5 0.5875 0.4078125 0.0171875 0.0375
1 0.64765625 0.48515625 0.0484375 0.046875
5 0.64765625 0.34453125 0.021875 0.0609375
5 0.6453125 0.35 0.01953125 0.0640625
1 0.75859375 0.48828125 0.0921875 0.06640625