1 0.95 0.56875 0.09765625 0.2421875
1 0.07421875 0.54765625 0.146875 0.1546875
2 0.14765625 0.49140625 0.08203125 0.0546875
1 0.15703125 0.546875 0.0703125 0.08984375
1 0.26875 0.54296875 0.09765625 0.0953125
1 0.3859375 0.53828125 0.11875 0.15625
4 0.340625 0.36015625 0.0140625 0.0375
7 0.41796875 0.35546875 0.0140625 0.0390625
7 0.48125 0.35546875 0.01171875 0.0390625
1 0.5984375 0.53828125 0.0953125 0.103125
7 0.6328125 0.43125 0.0171875 0.046875
7 0.6328125 0.42890625 0.01171875 0.03515625
1 0.80390625 0.51953125 0.2015625 0.20703125
7 0.72734375 0.34296875 0.025 0.06875