7 0.0609375 0.3890625 0.01953125 0.0375
7 0.1125 0.39375 0.01953125 0.0328125
1 0.17109375 0.4859375 0.0453125 0.05078125
1 0.1734375 0.49140625 0.0375 0.0546875
1 0.196875 0.49375 0.053125 0.05078125
7 0.17890625 0.44140625 0.0140625 0.0296875
1 0.2015625 0.49296875 0.0484375 0.046875
1 0.2640625 0.4875 0.0484375 0.0625
1 0.265625 0.4859375 0.04296875 0.053125
1 0.290625 0.4859375 0.02734375 0.04296875
1 0.3109375 0.48515625 0.0296875 0.05625
1 0.3546875 0.496875 0.0640625 0.0859375
1 0.415625 0.50703125 0.040625 0.0703125
1 0.45390625 0.49140625 0.0484375 0.0859375
1 0.45234375 0.49140625 0.04296875 0.06875
1 0.50078125 0.50390625 0.05859375 0.0875
1 0.50078125 0.503125 0.0484375 0.078125
1 0.57421875 0.51484375 0.11328125 0.0953125
1 0.57109375 0.5203125 0.09765625 0.1078125
1 0.6609375 0.52734375 0.09765625 0.1640625
1 0.83125 0.559375 0.2796875 0.2203125