2 0.07109375 0.375 0.1421875 0.32421875
2 0.078125 0.3765625 0.15625 0.225
1 0.05 0.5375 0.1 0.19140625
1 0.19609375 0.52734375 0.196875 0.2125
6 0.25390625 0.33515625 0.01953125 0.05078125
1 0.4828125 0.65546875 0.38671875 0.4765625
6 0.3078125 0.3375 0.01953125 0.05078125
7 0.39140625 0.3328125 0.0171875 0.046875
7 0.446875 0.33984375 0.01953125 0.046875
7 0.57109375 0.40625 0.0171875 0.0453125
1 0.77421875 0.48515625 0.146875 0.1
1 0.78046875 0.4890625 0.15625 0.0953125
1 0.8640625 0.47734375 0.0859375 0.06640625