1 0.2171875 0.7015625 0.43359375 0.478125
3 0.1265625 0.415625 0.015625 0.03125
7 0.14921875 0.3984375 0.0171875 0.0546875
1 0.3859375 0.53203125 0.0328125 0.0453125
1 0.3890625 0.5375 0.0328125 0.046875
1 0.415625 0.52265625 0.015625 0.01953125
1 0.4484375 0.53046875 0.0296875 0.0328125
7 0.52734375 0.371875 0.01953125 0.06875
3 0.64140625 0.52734375 0.0171875 0.0765625
3 0.659375 0.52265625 0.021875 0.0765625
3 0.67265625 0.534375 0.02734375 0.0953125
3 0.83671875 0.5296875 0.046875 0.23828125
3 0.89375 0.5265625 0.0484375 0.240625
3 0.978125 0.5578125 0.040625 0.228125