1 0.0859375 0.540625 0.0328125 0.03125
1 0.1109375 0.5234375 0.0234375 0.02734375
1 0.22734375 0.53515625 0.05625 0.0703125
1 0.26484375 0.48515625 0.0171875 0.0234375
4 0.27265625 0.3515625 0.025 0.06640625
8 0.275 0.35078125 0.0171875 0.05078125
1 0.2859375 0.50859375 0.01953125 0.02734375
1 0.33984375 0.53125 0.0171875 0.05625
1 0.3390625 0.52734375 0.01171875 0.05078125
2 0.3671875 0.5078125 0.053125 0.1078125
5 0.37890625 0.33203125 0.0171875 0.05078125
5 0.46015625 0.33203125 0.0140625 0.05078125
1 0.89375 0.521875 0.11875 0.084375