1 0.08515625 0.5453125 0.03515625 0.040625
8 0.090625 0.4171875 0.0171875 0.04296875
1 0.17890625 0.54765625 0.05078125 0.0953125
5 0.19921875 0.425 0.0171875 0.040625
5 0.20234375 0.43125 0.01953125 0.0328125
1 0.2265625 0.546875 0.04296875 0.04296875
2 0.28984375 0.50390625 0.08984375 0.16796875
1 0.3578125 0.571875 0.09375 0.1015625
0 0.415625 0.53828125 0.02734375 0.0796875
3 0.4359375 0.53203125 0.0171875 0.078125
3 0.778125 0.5 0.0390625 0.20703125
1 0.825 0.51640625 0.040625 0.178125
3 0.82890625 0.51484375 0.0390625 0.1890625