1 0.18828125 0.509375 0.0875 0.103125
1 0.18828125 0.50859375 0.0859375 0.0703125
7 0.271875 0.44609375 0.01171875 0.0296875
1 0.396875 0.496875 0.03515625 0.0484375
1 0.3984375 0.4921875 0.03515625 0.0546875
8 0.421875 0.3859375 0.01953125 0.05078125
7 0.4203125 0.375 0.0140625 0.0234375
1 0.44375 0.4859375 0.0390625 0.053125
5 0.4703125 0.39140625 0.01953125 0.0390625
5 0.46953125 0.39140625 0.0140625 0.02734375
5 0.5578125 0.43671875 0.0234375 0.04296875
5 0.55390625 0.4453125 0.0140625 0.0234375
1 0.55859375 0.50078125 0.0234375 0.078125
1 0.57109375 0.50703125 0.021875 0.0953125
1 0.6140625 0.51484375 0.078125 0.109375
1 0.59765625 0.509375 0.0390625 0.11328125
5 0.59296875 0.43828125 0.01171875 0.02734375
5 0.59453125 0.43359375 0.0140625 0.046875
1 0.671875 0.5328125 0.1234375 0.1
1 0.66796875 0.534375 0.1078125 0.13125