3 0.0796875 0.5375 0.0171875 0.084375
0 0.05859375 0.540625 0.03515625 0.0875
8 0.05390625 0.434375 0.02734375 0.0609375
8 0.05625 0.4359375 0.0171875 0.0484375
1 0.175 0.5234375 0.0875 0.07421875
3 0.15703125 0.53046875 0.0171875 0.07421875
3 0.1609375 0.521875 0.0171875 0.078125
3 0.18125 0.525 0.01953125 0.078125
3 0.2015625 0.52421875 0.021875 0.06875
3 0.21953125 0.51953125 0.01953125 0.078125
1 0.2421875 0.5328125 0.0609375 0.040625
1 0.2453125 0.515625 0.0625 0.05859375
3 0.2484375 0.5203125 0.0171875 0.06875
3 0.2734375 0.5171875 0.0171875 0.0625
3 0.2828125 0.52421875 0.025 0.08203125
3 0.28515625 0.5140625 0.025 0.07421875
1 0.32890625 0.48046875 0.09765625 0.1484375
2 0.33125 0.4625 0.1 0.109375
3 0.30078125 0.51953125 0.0171875 0.07421875
3 0.3 0.521875 0.01171875 0.06640625
8 0.44921875 0.3203125 0.021875 0.0546875
7 0.5203125 0.32421875 0.021875 0.06875
1 0.5515625 0.5109375 0.040625 0.0546875
1 0.65234375 0.5234375 0.1078125 0.084375
7 0.65703125 0.40703125 0.01953125 0.0625
1 0.89765625 0.51640625 0.14453125 0.0796875