1 0.46015625 0.48046875 0.025 0.0296875
2 0.43828125 0.471875 0.0328125 0.0453125
1 0.11875 0.49921875 0.0640625 0.05078125
1 0.30078125 0.496875 0.0640625 0.06640625
7 0.284375 0.44453125 0.01953125 0.0453125
1 0.30546875 0.49296875 0.05859375 0.05078125
4 0.38125 0.3546875 0.0140625 0.025
1 0.415625 0.4859375 0.0390625 0.05078125
1 0.41484375 0.4859375 0.03515625 0.04296875
5 0.440625 0.36875 0.0140625 0.040625
5 0.440625 0.375 0.0140625 0.0234375
1 0.49140625 0.48359375 0.0328125 0.046875
5 0.48828125 0.37109375 0.0171875 0.040625
5 0.4875 0.38671875 0.01171875 0.02734375
1 0.5375 0.48125 0.03515625 0.0375
5 0.575 0.4375 0.01953125 0.0484375
5 0.57734375 0.4359375 0.01171875 0.0296875
1 0.61640625 0.50625 0.05859375 0.1421875
1 0.6515625 0.50859375 0.109375 0.134375
1 0.671875 0.52734375 0.0765625 0.14453125
1 0.68671875 0.5359375 0.10546875 0.12890625
5 0.68046875 0.378125 0.01953125 0.05625
5 0.68125 0.38984375 0.0171875 0.03125
1 0.77265625 0.540625 0.1484375 0.28515625
1 0.9203125 0.63203125 0.1578125 0.3921875