3 0.15 0.56640625 0.021875 0.071875
3 0.59375 0.525 0.015625 0.06640625
3 0.10234375 0.56640625 0.025 0.0609375
3 0.18671875 0.5546875 0.021875 0.08984375
5 0.2359375 0.43359375 0.0234375 0.05078125
5 0.23515625 0.43671875 0.01953125 0.046875
3 0.24140625 0.5546875 0.0171875 0.07421875
1 0.31171875 0.55390625 0.0640625 0.0765625
1 0.346875 0.559375 0.025 0.0765625
1 0.43125 0.5875 0.19140625 0.29296875
5 0.5859375 0.41796875 0.025 0.0640625
3 0.6109375 0.51953125 0.0140625 0.07421875
3 0.6609375 0.51953125 0.0296875 0.078125
3 0.7078125 0.51484375 0.02734375 0.078125
3 0.71015625 0.51875 0.015625 0.0796875
1 0.8703125 0.69453125 0.25390625 0.515625