1 0.05390625 0.5734375 0.1078125 0.196875
1 0.2078125 0.534375 0.115625 0.1546875
1 0.21171875 0.53828125 0.115625 0.1078125
1 0.296875 0.525 0.0609375 0.084375
1 0.33671875 0.51484375 0.046875 0.0640625
1 0.421875 0.5046875 0.0453125 0.05625
1 0.4265625 0.50390625 0.046875 0.0625
1 0.5328125 0.50078125 0.02734375 0.05859375
1 0.55546875 0.509375 0.0453125 0.06640625
1 0.5984375 0.51640625 0.0640625 0.0953125
1 0.6515625 0.5 0.0546875 0.1703125
1 0.684375 0.50859375 0.11328125 0.17578125
1 0.76953125 0.5453125 0.2515625 0.2203125