1 0.0375 0.521875 0.07421875 0.0765625
1 0.121875 0.50859375 0.05859375 0.0703125
1 0.1234375 0.509375 0.05625 0.05625
1 0.1609375 0.5140625 0.0296875 0.05625
1 0.1625 0.51171875 0.025 0.0625
1 0.20703125 0.50703125 0.053125 0.0703125
1 0.2109375 0.503125 0.05078125 0.05859375
1 0.2609375 0.5 0.03515625 0.06640625
1 0.2609375 0.49296875 0.03125 0.0609375
1 0.3046875 0.5 0.0859375 0.1171875
1 0.37109375 0.4984375 0.040625 0.0625
1 0.42265625 0.49921875 0.021875 0.0390625
1 0.49296875 0.50703125 0.03515625 0.053125
1 0.5203125 0.51484375 0.0234375 0.07421875
1 0.53984375 0.5203125 0.025 0.0859375
1 0.5984375 0.53125 0.0875 0.1078125