1 0.43671875 0.49375 0.01953125 0.01953125
1 0.1265625 0.55 0.1953125 0.18359375
1 0.22578125 0.51875 0.03125 0.04296875
8 0.2953125 0.45 0.01953125 0.05625
8 0.29609375 0.44140625 0.01953125 0.0234375
1 0.36640625 0.5109375 0.0390625 0.0546875
5 0.3640625 0.32421875 0.015625 0.05859375
5 0.36328125 0.33671875 0.015625 0.0375
1 0.4 0.4984375 0.03125 0.0375
5 0.446875 0.3265625 0.015625 0.053125
5 0.446875 0.346875 0.015625 0.04296875
5 0.6046875 0.40546875 0.0171875 0.0546875
5 0.60625 0.4203125 0.015625 0.0328125