3 0.1328125 0.50703125 0.02734375 0.0765625
3 0.1375 0.4921875 0.021875 0.078125
3 0.14140625 0.48515625 0.01953125 0.05859375
7 0.253125 0.3671875 0.025 0.07421875
7 0.253125 0.3640625 0.021875 0.05078125
3 0.390625 0.4875 0.03515625 0.0859375
3 0.5234375 0.48515625 0.0171875 0.053125
3 0.52734375 0.484375 0.021875 0.05859375
1 0.53984375 0.490625 0.0171875 0.05625
1 0.56328125 0.484375 0.03125 0.0484375
1 0.56328125 0.49140625 0.03125 0.05859375
7 0.58203125 0.35 0.0171875 0.06875
3 0.69609375 0.4734375 0.0234375 0.07421875