1 0.040625 0.5203125 0.06640625 0.0296875
2 0.1234375 0.49140625 0.15234375 0.07421875
1 0.15234375 0.53125 0.078125 0.0375
1 0.271875 0.5234375 0.0390625 0.0328125
1 0.2734375 0.5234375 0.040625 0.0375
1 0.3171875 0.5140625 0.0234375 0.0375
1 0.3453125 0.534375 0.04296875 0.0640625
1 0.34765625 0.53203125 0.040625 0.05859375
1 0.44375 0.5828125 0.16796875 0.2203125
1 0.371875 0.525 0.0171875 0.03125
8 0.42578125 0.39453125 0.0171875 0.0390625
4 0.42578125 0.3890625 0.009375 0.02734375
5 0.47734375 0.39453125 0.0140625 0.02734375
1 0.5109375 0.5171875 0.0328125 0.0921875
1 0.53046875 0.53125 0.0140625 0.046875
5 0.55625 0.4546875 0.009375 0.02734375
3 0.796875 0.528125 0.0296875 0.1875