1 0.065625 0.5390625 0.1 0.0796875
1 0.309375 0.515625 0.040625 0.0625
1 0.3109375 0.521875 0.03515625 0.046875
8 0.328125 0.45703125 0.01953125 0.0453125
4 0.32890625 0.4546875 0.015625 0.04296875
1 0.37109375 0.528125 0.05625 0.0703125
1 0.4453125 0.5546875 0.10546875 0.13125
1 0.44609375 0.44921875 0.0875 0.0875
2 0.44609375 0.4625 0.08203125 0.1234375
5 0.45625 0.36015625 0.025 0.0453125
5 0.45390625 0.35859375 0.015625 0.04296875
5 0.55390625 0.4453125 0.015625 0.046875
3 0.559375 0.521875 0.02734375 0.0609375
6 0.61328125 0.3734375 0.021875 0.05625
5 0.6140625 0.38125 0.021875 0.0484375
1 0.70625 0.521875 0.09375 0.0796875