1 0.10078125 0.5 0.10546875 0.0703125
1 0.11015625 0.50390625 0.1015625 0.09765625
1 0.1640625 0.51640625 0.0328125 0.053125
1 0.2234375 0.51484375 0.07421875 0.0875
1 0.22734375 0.50859375 0.0546875 0.05078125
1 0.371875 0.503125 0.071875 0.1109375
1 0.43359375 0.4953125 0.040625 0.0625
1 0.4859375 0.4890625 0.021875 0.021875
1 0.521875 0.4953125 0.0296875 0.0390625
1 0.715625 0.5484375 0.16015625 0.1859375
1 0.71171875 0.54296875 0.1484375 0.140625
3 0.76171875 0.49140625 0.0234375 0.0953125
1 0.8140625 0.484375 0.09375 0.10546875