1 0.07890625 0.6265625 0.1578125 0.2359375
2 0.05546875 0.46875 0.109375 0.18359375
2 0.178125 0.50859375 0.140625 0.171875
1 0.18125 0.525 0.1328125 0.16796875
1 0.30078125 0.5578125 0.06875 0.0875
1 0.36875 0.58203125 0.12890625 0.1796875
2 0.41484375 0.5328125 0.0796875 0.14453125
1 0.42578125 0.5375 0.0953125 0.16015625
1 0.5140625 0.5546875 0.0609375 0.0796875
1 0.58671875 0.54765625 0.1 0.15625
1 0.67109375 0.58984375 0.18125 0.19140625
2 0.7640625 0.50390625 0.1 0.1796875
1 0.7640625 0.49921875 0.0953125 0.1859375