1 0.06640625 0.5421875 0.0796875 0.0640625
1 0.23046875 0.56953125 0.1546875 0.1953125
6 0.34453125 0.346875 0.0171875 0.04296875
1 0.35859375 0.5328125 0.0609375 0.05625
6 0.40625 0.390625 0.02734375 0.078125
5 0.40703125 0.3875 0.015625 0.0453125
1 0.4421875 0.51953125 0.015625 0.05625
1 0.4546875 0.52734375 0.01953125 0.0546875
1 0.465625 0.534375 0.021875 0.0765625
1 0.50625 0.53203125 0.084375 0.1328125
1 0.553125 0.5296875 0.0296875 0.071875
5 0.55625 0.3203125 0.0171875 0.05078125
1 0.63359375 0.5453125 0.1078125 0.1265625
1 0.784375 0.6125 0.3578125 0.3421875
5 0.76953125 0.4421875 0.021875 0.06875
5 0.7703125 0.45 0.01171875 0.0375
1 0.9453125 0.5375 0.08203125 0.1109375