0 0.0203125 0.5609375 0.03125 0.0875
0 0.01875 0.55 0.0171875 0.06640625
8 0.0265625 0.44140625 0.025 0.0609375
0 0.05078125 0.55625 0.0328125 0.0859375
0 0.0453125 0.5453125 0.0140625 0.06640625
1 0.1453125 0.53046875 0.0953125 0.0953125
2 0.15 0.53125 0.08203125 0.084375
1 0.21953125 0.50859375 0.06640625 0.0375
2 0.2203125 0.51953125 0.05625 0.05625
1 0.221875 0.54296875 0.05625 0.0484375
2 0.30625 0.48828125 0.1 0.146875
1 0.3734375 0.525 0.0328125 0.03515625
1 0.40234375 0.51953125 0.03515625 0.03515625
8 0.4359375 0.325 0.01953125 0.0609375
7 0.509375 0.3265625 0.0234375 0.0640625
7 0.64921875 0.4171875 0.0234375 0.06640625
1 0.8296875 0.5125 0.16015625 0.10546875