1 0.159375 0.4875 0.31875 0.56875
2 0.14765625 0.50078125 0.2953125 0.4453125
8 0.35546875 0.30078125 0.01953125 0.071875
8 0.35625 0.2859375 0.015625 0.0390625
1 0.4984375 0.571875 0.265625 0.3375
7 0.47734375 0.24140625 0.015625 0.0546875
0 0.6453125 0.48515625 0.03125 0.10546875
0 0.64375 0.4859375 0.02734375 0.09765625
7 0.640625 0.35859375 0.01953125 0.040625
1 0.7234375 0.478125 0.05859375 0.05625
1 0.85234375 0.5625 0.29296875 0.259375
7 0.93828125 0.225 0.021875 0.04296875
7 0.94453125 0.25 0.0296875 0.0796875