1 0.02265625 0.5546875 0.0453125 0.0859375
4 0.2609375 0.3796875 0.01953125 0.053125
1 0.3046875 0.5171875 0.0234375 0.03125
1 0.33984375 0.51953125 0.01953125 0.0171875
1 0.36796875 0.51953125 0.0375 0.04296875
4 0.35546875 0.42890625 0.009375 0.03515625
4 0.39375 0.403125 0.0171875 0.0390625
5 0.40703125 0.4421875 0.0078125 0.021875
1 0.42265625 0.521875 0.03515625 0.05078125
5 0.4328125 0.45703125 0.0140625 0.0328125
1 0.48125 0.5390625 0.103125 0.1078125
5 0.490625 0.434375 0.01953125 0.0375
1 0.58203125 0.51484375 0.021875 0.0390625
1 0.62109375 0.5328125 0.07421875 0.0765625
1 0.62421875 0.5375 0.06875 0.06875
2 0.64765625 0.50625 0.0703125 0.09765625
2 0.65234375 0.50078125 0.0765625 0.0875
1 0.87109375 0.559375 0.1703125 0.1234375
1 0.86875 0.5515625 0.1484375 0.1171875