8 0.1046875 0.43125 0.0171875 0.04296875
1 0.1140625 0.5484375 0.0375 0.0453125
1 0.11796875 0.54765625 0.0328125 0.0453125
1 0.19453125 0.553125 0.05078125 0.0953125
5 0.20703125 0.44140625 0.01953125 0.0328125
5 0.2078125 0.4359375 0.015625 0.03515625
1 0.24375 0.5515625 0.04296875 0.04296875
2 0.30625 0.5109375 0.08984375 0.16796875
1 0.36875 0.5765625 0.09375 0.1015625
3 0.70234375 0.51953125 0.03125 0.17578125
1 0.7484375 0.515625 0.04296875 0.1421875
3 0.75 0.5171875 0.040625 0.1390625
1 0.859375 0.52265625 0.1171875 0.078125