1 0.07890625 0.48515625 0.05859375 0.0625
1 0.0828125 0.49140625 0.0546875 0.0375
1 0.12109375 0.48359375 0.040625 0.0375
1 0.2 0.4828125 0.0390625 0.03515625
1 0.31640625 0.490625 0.06875 0.0765625
1 0.4078125 0.48515625 0.0546875 0.071875
6 0.40234375 0.3859375 0.0140625 0.0484375
1 0.4484375 0.4765625 0.025 0.0390625
5 0.44375 0.384375 0.01171875 0.04296875
1 0.5125 0.49609375 0.0765625 0.0875
5 0.55546875 0.4265625 0.0140625 0.0328125
5 0.58125 0.4234375 0.01171875 0.03515625
2 0.73046875 0.440625 0.1 0.0875