1 0.05546875 0.5375 0.1109375 0.18359375
1 0.96875 0.621875 0.0625 0.3421875
1 0.0828125 0.515625 0.0625 0.115625
1 0.1390625 0.51640625 0.06875 0.1078125
1 0.14765625 0.515625 0.0625 0.0921875
1 0.1953125 0.52265625 0.0484375 0.1109375
1 0.20234375 0.5203125 0.040625 0.0765625
2 0.23359375 0.4765625 0.0296875 0.16796875
2 0.23515625 0.4875 0.02734375 0.1421875
2 0.415625 0.4515625 0.0953125 0.1890625
1 0.553125 0.5046875 0.125 0.1109375
1 0.5515625 0.509375 0.1234375 0.0703125
1 0.67890625 0.515625 0.1390625 0.1953125
1 0.86640625 0.528125 0.26171875 0.26953125