3 0.865625 0.52265625 0.04296875 0.1578125
1 0.17265625 0.528125 0.07421875 0.0609375
1 0.1734375 0.53125 0.07421875 0.0625
1 0.2765625 0.5203125 0.03125 0.0390625
1 0.3484375 0.5078125 0.040625 0.03125
1 0.38125 0.51484375 0.0296875 0.04296875
2 0.3875 0.4921875 0.0390625 0.05859375
1 0.4328125 0.50859375 0.0328125 0.0390625
2 0.4828125 0.48828125 0.03515625 0.0796875
1 0.5078125 0.51875 0.05625 0.06640625
1 0.6453125 0.53046875 0.19375 0.2203125
3 0.78046875 0.5203125 0.0390625 0.1625
3 0.78046875 0.51953125 0.03515625 0.15625
3 0.790625 0.5125 0.021875 0.1625
3 0.8125 0.509375 0.02734375 0.14453125