1 0.0484375 0.56875 0.0953125 0.08984375
1 0.0609375 0.53046875 0.06875 0.0546875
1 0.1203125 0.54765625 0.06640625 0.071875
1 0.16015625 0.5484375 0.0453125 0.0546875
1 0.2515625 0.53828125 0.0328125 0.040625
1 0.28984375 0.5359375 0.02734375 0.03515625
1 0.3125 0.53125 0.0234375 0.025
1 0.328125 0.53046875 0.015625 0.02734375
1 0.41484375 0.54296875 0.06640625 0.0875
5 0.39453125 0.4015625 0.01171875 0.0375
5 0.3953125 0.4015625 0.015625 0.0328125
5 0.45 0.39453125 0.01171875 0.0328125
5 0.4515625 0.39453125 0.0140625 0.03125
1 0.51171875 0.53046875 0.0453125 0.046875
5 0.5328125 0.46796875 0.0140625 0.0390625
5 0.534375 0.4640625 0.01171875 0.0296875
1 0.69609375 0.509375 0.09765625 0.0609375