4 0.07109375 0.08515625 0.109375 0.15625
1 0.1109375 0.52265625 0.13125 0.125
1 0.11875 0.51484375 0.109375 0.115625
1 0.1765625 0.4984375 0.1 0.0609375
1 0.28828125 0.503125 0.06875 0.0625
1 0.29296875 0.5046875 0.06875 0.07421875
1 0.353125 0.51484375 0.0859375 0.0703125
1 0.35234375 0.5171875 0.0703125 0.078125
1 0.384375 0.4890625 0.046875 0.0625
1 0.42890625 0.48828125 0.0625 0.0703125
1 0.4703125 0.49375 0.0328125 0.0390625
4 0.5703125 0.028125 0.025 0.05625
4 0.565625 0.36015625 0.01171875 0.05078125
4 0.65234375 0.35546875 0.015625 0.0390625
5 0.72578125 0.41015625 0.015625 0.04296875
4 0.80078125 0.0734375 0.025 0.08984375
3 0.87421875 0.4734375 0.0234375 0.0703125
3 0.88125 0.48125 0.021875 0.053125
0 0.92890625 0.496875 0.0234375 0.09765625