1 0.05546875 0.528125 0.1109375 0.2359375
1 0.06640625 0.490625 0.09375 0.08984375
1 0.20703125 0.525 0.196875 0.19921875
1 0.21796875 0.5390625 0.21484375 0.2671875
6 0.25078125 0.34296875 0.0234375 0.0640625
6 0.25390625 0.33515625 0.01953125 0.05078125
1 0.49296875 0.6328125 0.4609375 0.475
6 0.30625 0.34296875 0.01953125 0.0546875
5 0.3859375 0.340625 0.01953125 0.0546875
4 0.39140625 0.3328125 0.0171875 0.046875
5 0.44609375 0.3453125 0.0328125 0.07421875
7 0.44609375 0.340625 0.0171875 0.0484375
5 0.56953125 0.41484375 0.0171875 0.0609375
5 0.571875 0.40625 0.0171875 0.0453125
1 0.8390625 0.48515625 0.14453125 0.0953125