2 0.0625 0.48046875 0.125 0.171875
1 0.115625 0.559375 0.1 0.10546875
1 0.18046875 0.48515625 0.13671875 0.1328125
1 0.2828125 0.6234375 0.27734375 0.334375
1 0.38359375 0.496875 0.1578125 0.26171875
1 0.43359375 0.51953125 0.0765625 0.259375
1 0.51484375 0.5421875 0.06640625 0.0796875
1 0.53125 0.5328125 0.0296875 0.109375
1 0.5796875 0.52734375 0.09765625 0.1484375
1 0.65234375 0.55546875 0.171875 0.17578125
2 0.74921875 0.48046875 0.1109375 0.19921875
1 0.753125 0.48046875 0.1015625 0.1703125