1 0.0421875 0.59375 0.06875 0.1421875
0 0.07734375 0.596875 0.05859375 0.109375
3 0.10234375 0.55 0.025 0.103125
3 0.1296875 0.546875 0.0296875 0.1078125
3 0.153125 0.5578125 0.0140625 0.078125
3 0.18046875 0.54609375 0.0234375 0.09765625
3 0.28984375 0.53203125 0.01953125 0.05078125
5 0.30390625 0.453125 0.015625 0.0390625
1 0.39453125 0.56171875 0.1625 0.2265625
1 0.46796875 0.525 0.02734375 0.04296875
1 0.56328125 0.5546875 0.0921875 0.140625
1 0.55 0.559375 0.05078125 0.13125
5 0.53828125 0.4421875 0.01953125 0.040625
1 0.603125 0.58515625 0.10546875 0.18359375
1 0.6 0.58203125 0.084375 0.1640625
1 0.7296875 0.61640625 0.240625 0.3140625
1 0.86015625 0.6734375 0.275 0.64453125
3 0.76875 0.4515625 0.040625 0.0484375
3 0.7703125 0.45 0.01953125 0.0390625