3 0.0203125 0.5515625 0.021875 0.09765625
3 0.021875 0.55 0.01953125 0.09375
3 0.046875 0.54765625 0.021875 0.0953125
3 0.04765625 0.54765625 0.0171875 0.0921875
3 0.0609375 0.54609375 0.0171875 0.1015625
3 0.075 0.56328125 0.0171875 0.0546875
3 0.096875 0.540625 0.01953125 0.1109375
1 0.1265625 0.55546875 0.078125 0.08203125
1 0.22734375 0.5453125 0.084375 0.09375
1 0.28203125 0.5296875 0.03125 0.06640625
1 0.309375 0.51953125 0.03125 0.06640625
1 0.35625 0.5171875 0.053125 0.078125
1 0.4359375 0.521875 0.0484375 0.0546875
3 0.51171875 0.4984375 0.0140625 0.0796875
3 0.53203125 0.503125 0.0140625 0.08203125
3 0.5421875 0.50859375 0.0140625 0.06875
4 0.58203125 0.31328125 0.02734375 0.09765625
1 0.9484375 0.509375 0.103125 0.1875
3 0.98515625 0.478125 0.025 0.15625