3 0.02265625 0.5765625 0.021875 0.06640625
2 0.059375 0.5609375 0.1171875 0.0875
1 0.065625 0.5625 0.13125 0.0875
2 0.1265625 0.5578125 0.0703125 0.08203125
1 0.13203125 0.5609375 0.071875 0.0859375
4 0.11328125 0.425 0.021875 0.0703125
1 0.18671875 0.5734375 0.0640625 0.05078125
2 0.18828125 0.55078125 0.0625 0.0390625
1 0.290625 0.57734375 0.0765625 0.0875
1 0.32890625 0.56640625 0.03515625 0.0625
1 0.49140625 0.5703125 0.0296875 0.06640625
1 0.51953125 0.57421875 0.05625 0.06875
4 0.603125 0.3953125 0.02734375 0.08203125
7 0.85546875 0.44375 0.03125 0.053125
1 0.9609375 0.5765625 0.0765625 0.12109375