1 0.1421875 0.54296875 0.1078125 0.09765625
1 0.23046875 0.53125 0.05078125 0.0484375
1 0.35078125 0.54609375 0.1234375 0.17578125
8 0.3671875 0.44453125 0.0171875 0.04296875
8 0.3640625 0.4453125 0.0140625 0.040625
1 0.42890625 0.5390625 0.046875 0.125
7 0.45703125 0.3953125 0.015625 0.0484375
7 0.45703125 0.390625 0.01171875 0.03125
7 0.49375 0.44609375 0.015625 0.0546875
7 0.4953125 0.44921875 0.01171875 0.03515625
7 0.57734375 0.4 0.0234375 0.06875
7 0.575 0.39765625 0.0140625 0.053125
1 0.8390625 0.50859375 0.1796875 0.1234375
1 0.84375 0.5046875 0.178125 0.1234375
1 0.9484375 0.515625 0.05859375 0.0859375