1 0.121875 0.5421875 0.071875 0.0640625
0 0.06328125 0.55078125 0.0484375 0.071875
3 0.00859375 0.55390625 0.0171875 0.0765625
3 0.021875 0.553125 0.01953125 0.07421875
3 0.0203125 0.5546875 0.015625 0.0703125
1 0.3296875 0.65234375 0.3265625 0.4125
8 0.28046875 0.275 0.01953125 0.0625
7 0.38984375 0.2875 0.0171875 0.0703125
3 0.4875 0.528125 0.0171875 0.0796875
3 0.53828125 0.53203125 0.025 0.08203125
3 0.53984375 0.5296875 0.0171875 0.0625
7 0.5625 0.4078125 0.021875 0.0625
3 0.6703125 0.571875 0.071875 0.26171875
1 0.76953125 0.5234375 0.1546875 0.1
1 0.97265625 0.5328125 0.0484375 0.0703125