1 0.07421875 0.56171875 0.0546875 0.053125
1 0.221875 0.5390625 0.03515625 0.0484375
1 0.22265625 0.5421875 0.0328125 0.05625
8 0.290625 0.390625 0.0171875 0.0546875
7 0.29375 0.39140625 0.015625 0.04296875
1 0.35625 0.5390625 0.03515625 0.0453125
5 0.35859375 0.39453125 0.01953125 0.053125
5 0.36015625 0.40546875 0.015625 0.0375
1 0.4 0.5296875 0.0375 0.04296875
5 0.41875 0.40703125 0.0171875 0.0484375
5 0.4203125 0.41015625 0.01953125 0.040625
1 0.4734375 0.534375 0.04296875 0.05859375
1 0.5296875 0.54765625 0.1 0.103125
1 0.5375 0.46875 0.021875 0.046875
5 0.53828125 0.471875 0.015625 0.0375
1 0.65234375 0.540625 0.0859375 0.0765625
5 0.66796875 0.4234375 0.021875 0.06640625
1 0.8640625 0.57109375 0.203125 0.134375