3 0.415625 0.51875 0.009375 0.0546875
3 0.43359375 0.5234375 0.0078125 0.0453125
3 0.446875 0.52265625 0.01171875 0.0453125
3 0.478125 0.51484375 0.015625 0.05625
3 0.153125 0.53046875 0.0296875 0.0953125
3 0.190625 0.5296875 0.02734375 0.0953125
3 0.1921875 0.528125 0.0234375 0.103125
3 0.271875 0.546875 0.0390625 0.1328125
1 0.28515625 0.54296875 0.025 0.11875
3 0.28515625 0.5453125 0.021875 0.13125
1 0.36328125 0.52265625 0.1109375 0.06875
1 0.3609375 0.5203125 0.1015625 0.0546875
1 0.55546875 0.5125 0.1421875 0.0921875
3 0.534375 0.54765625 0.02734375 0.1234375
3 0.57734375 0.53203125 0.0328125 0.14453125
1 0.615625 0.50390625 0.1 0.07421875
1 0.659375 0.50078125 0.103125 0.078125
1 0.68671875 0.496875 0.053125 0.0765625
3 0.928125 0.59296875 0.053125 0.459375