3 0.07890625 0.571875 0.0390625 0.15625
1 0.0421875 0.5875 0.08203125 0.15625
1 0.1125 0.57109375 0.0625 0.115625
1 0.184375 0.54609375 0.0875 0.11875
1 0.24140625 0.53046875 0.04296875 0.084375
3 0.2640625 0.528125 0.0171875 0.078125
3 0.27734375 0.525 0.0140625 0.0765625
7 0.2859375 0.45 0.01171875 0.03125
3 0.2921875 0.525 0.0171875 0.0703125
3 0.35234375 0.5171875 0.0140625 0.06875
3 0.475 0.5171875 0.015625 0.06875
7 0.5078125 0.434375 0.0140625 0.0375
1 0.5640625 0.5453125 0.05625 0.13671875
1 0.684375 0.56328125 0.2203125 0.2109375
3 0.81328125 0.503125 0.05078125 0.225