1 0.01875 0.54765625 0.0375 0.1078125
1 0.1203125 0.540625 0.078125 0.08203125
1 0.17890625 0.53984375 0.046875 0.06640625
1 0.1796875 0.5421875 0.04296875 0.0546875
1 0.3296875 0.653125 0.328125 0.428125
8 0.28046875 0.278125 0.0234375 0.06640625
7 0.390625 0.2875 0.0234375 0.0765625
0 0.50390625 0.525 0.02734375 0.084375
0 0.509375 0.53046875 0.0328125 0.07421875
3 0.52265625 0.52265625 0.015625 0.08203125
3 0.5296875 0.5171875 0.015625 0.0765625
3 0.5296875 0.5171875 0.015625 0.0625
3 0.54375 0.51640625 0.0171875 0.078125
3 0.54375 0.51875 0.0171875 0.0609375
7 0.56328125 0.4125 0.025 0.06875
3 0.6140625 0.53125 0.05625 0.0859375
3 0.62109375 0.52421875 0.0234375 0.071875
0 0.659375 0.52421875 0.0328125 0.0875
0 0.6625 0.52734375 0.025 0.0875
3 0.6890625 0.53046875 0.021875 0.078125
3 0.7046875 0.52265625 0.01953125 0.0859375
3 0.725 0.51484375 0.021875 0.06640625
3 0.72578125 0.5203125 0.021875 0.0859375
1 0.9578125 0.53125 0.07421875 0.078125