1 0.0890625 0.525 0.05859375 0.040625
4 0.03828125 0.2515625 0.021875 0.07421875
1 0.1578125 0.5359375 0.0484375 0.0390625
1 0.21171875 0.5359375 0.02734375 0.04296875
1 0.33203125 0.61640625 0.2421875 0.27734375
4 0.24609375 0.359375 0.01953125 0.0546875
4 0.32421875 0.296875 0.0234375 0.0609375
5 0.384375 0.41875 0.015625 0.03515625
5 0.4171875 0.44609375 0.015625 0.0328125
1 0.44609375 0.52265625 0.025 0.04296875
1 0.48046875 0.5265625 0.02734375 0.0328125
1 0.51875 0.55546875 0.07421875 0.0953125
5 0.509375 0.40625 0.0171875 0.0453125
5 0.5078125 0.40546875 0.01171875 0.0328125
1 0.5546875 0.5421875 0.0390625 0.05625
1 0.55625 0.528125 0.0375 0.0640625
1 0.67890625 0.584375 0.23046875 0.2421875
1 0.64765625 0.53125 0.0625 0.078125
5 0.640625 0.475 0.0140625 0.03125
1 0.821875 0.54765625 0.053125 0.0453125
1 0.9015625 0.5984375 0.19140625 0.225
5 0.825 0.41328125 0.0171875 0.05625
4 0.85078125 0.3625 0.01953125 0.04296875
4 0.89140625 0.3390625 0.021875 0.0625