1 0.03046875 0.50859375 0.0609375 0.1078125
3 0.1609375 0.49140625 0.02734375 0.0765625
3 0.17109375 0.4875 0.021875 0.078125
3 0.1734375 0.475 0.01953125 0.05859375
7 0.26875 0.37421875 0.021875 0.05078125
7 0.275 0.378125 0.025 0.07421875
3 0.4234375 0.4890625 0.03515625 0.0859375
3 0.521875 0.48125 0.0171875 0.053125
3 0.52421875 0.4828125 0.021875 0.05859375
1 0.53984375 0.48515625 0.0171875 0.05625
1 0.559375 0.4875 0.03125 0.05859375
1 0.56171875 0.4890625 0.03125 0.0484375
7 0.57890625 0.359375 0.0171875 0.06875
3 0.675 0.46875 0.0234375 0.07421875