1 0.075 0.55390625 0.15 0.1640625
1 0.165625 0.5515625 0.0609375 0.1
1 0.16875 0.553125 0.05625 0.0953125
2 0.2203125 0.4796875 0.071875 0.1078125
1 0.21171875 0.55 0.046875 0.0765625
1 0.29296875 0.5359375 0.084375 0.11875
2 0.33671875 0.50859375 0.0546875 0.0703125
1 0.41484375 0.525 0.053125 0.0765625
1 0.503125 0.5125 0.04296875 0.05078125
1 0.534375 0.53515625 0.0484375 0.1078125
1 0.54296875 0.53046875 0.05859375 0.109375
1 0.60234375 0.5421875 0.1078125 0.13671875
1 0.7046875 0.49375 0.0484375 0.0546875
1 0.83515625 0.49140625 0.1265625 0.1421875
1 0.840625 0.48046875 0.12890625 0.11328125