1 0.15234375 0.53515625 0.04296875 0.046875
1 0.15703125 0.53515625 0.0453125 0.04296875
1 0.1859375 0.53203125 0.040625 0.05078125
1 0.19375 0.5375 0.0484375 0.053125
1 0.25390625 0.5359375 0.0703125 0.0875
1 0.3109375 0.52421875 0.0234375 0.0390625
1 0.3328125 0.521875 0.021875 0.05078125
1 0.37890625 0.525 0.0375 0.04296875
1 0.3796875 0.53046875 0.02734375 0.0328125
1 0.42578125 0.525 0.04296875 0.053125
1 0.49921875 0.53203125 0.0484375 0.0640625
1 0.5296875 0.52421875 0.0234375 0.0453125
1 0.56640625 0.5328125 0.046875 0.0609375
1 0.5671875 0.534375 0.046875 0.0484375
1 0.6359375 0.5453125 0.0875 0.0953125
1 0.74375 0.56953125 0.15 0.1546875