1 0.025 0.55546875 0.05 0.0765625
1 0.065625 0.546875 0.0546875 0.07421875
1 0.1125 0.55078125 0.046875 0.0765625
1 0.23515625 0.54375 0.1265625 0.1421875
5 0.26171875 0.35625 0.03125 0.0546875
1 0.3078125 0.5203125 0.0296875 0.04296875
1 0.3390625 0.51875 0.0328125 0.046875
2 0.37109375 0.48359375 0.0796875 0.15625
5 0.4625 0.43046875 0.0328125 0.0546875
5 0.45625 0.4296875 0.015625 0.040625
1 0.5796875 0.496875 0.0640625 0.05625
1 0.68359375 0.54296875 0.2046875 0.203125
1 0.68828125 0.53515625 0.20703125 0.1640625
1 0.84765625 0.4796875 0.1390625 0.1390625