3 0.00859375 0.5625 0.0171875 0.071875
3 0.00859375 0.5625 0.0171875 0.071875
3 0.01953125 0.53984375 0.0171875 0.0609375
3 0.046875 0.5390625 0.01953125 0.06875
3 0.05078125 0.5421875 0.015625 0.07421875
3 0.05625 0.54296875 0.0171875 0.084375
3 0.071875 0.534375 0.015625 0.078125
1 0.2734375 0.64140625 0.28515625 0.328125
7 0.165625 0.4 0.015625 0.0390625
1 0.4171875 0.5359375 0.11875 0.115625
3 0.38203125 0.47734375 0.04296875 0.109375
3 0.43671875 0.534375 0.0640625 0.19140625
7 0.503125 0.375 0.0171875 0.05625
1 0.71171875 0.5375 0.1953125 0.103125
3 0.62890625 0.51640625 0.021875 0.0640625
3 0.6296875 0.5296875 0.0234375 0.0859375
3 0.853125 0.4765625 0.03515625 0.05625
3 0.85234375 0.48046875 0.0234375 0.06640625