1 0.05390625 0.48828125 0.1 0.0609375
8 0.2546875 0.4 0.015625 0.04296875
0 0.34296875 0.46953125 0.021875 0.05078125
1 0.3796875 0.471875 0.0453125 0.053125
1 0.415625 0.47265625 0.0234375 0.040625
1 0.4484375 0.46953125 0.0390625 0.05625
7 0.49296875 0.32734375 0.015625 0.040625
7 0.49296875 0.32109375 0.0140625 0.03125
7 0.54765625 0.31953125 0.015625 0.0296875
7 0.5515625 0.32890625 0.015625 0.040625
7 0.60625 0.33203125 0.0140625 0.0390625
7 0.61015625 0.321875 0.0171875 0.0296875
7 0.71484375 0.38984375 0.0171875 0.040625
7 0.715625 0.3890625 0.0140625 0.0375
1 0.7796875 0.4734375 0.09765625 0.0609375
7 0.821875 0.34296875 0.015625 0.05859375
7 0.8265625 0.3421875 0.0171875 0.0625
1 0.84453125 0.45234375 0.0390625 0.040625
1 0.9703125 0.46796875 0.05625 0.0640625
1 0.9703125 0.4578125 0.0546875 0.0625