1 0.06171875 0.5515625 0.0921875 0.071875
1 0.153125 0.525 0.0234375 0.0390625
1 0.24921875 0.53828125 0.0703125 0.053125
1 0.2515625 0.53203125 0.0703125 0.05078125
8 0.33125 0.390625 0.0171875 0.040625
8 0.3328125 0.390625 0.0171875 0.03515625
1 0.3765625 0.5296875 0.05078125 0.0625
1 0.378125 0.5328125 0.0484375 0.06640625
7 0.39453125 0.4 0.0171875 0.0390625
7 0.3953125 0.39765625 0.0140625 0.0390625
1 0.45 0.521875 0.0453125 0.0765625
7 0.446875 0.41875 0.0140625 0.0390625
7 0.446875 0.41015625 0.0140625 0.0296875
1 0.4890625 0.53125 0.0703125 0.084375
4 0.51484375 0.4609375 0.0140625 0.03515625
1 0.546875 0.5109375 0.071875 0.0953125
1 0.54765625 0.51640625 0.053125 0.08984375
1 0.62421875 0.51875 0.0390625 0.046875
1 0.68671875 0.54296875 0.1234375 0.11328125
7 0.665625 0.428125 0.01953125 0.05078125
7 0.66875 0.42578125 0.021875 0.05078125