1 0.0828125 0.60234375 0.165625 0.3296875
1 0.3359375 0.65 0.31875 0.38671875
4 0.2765625 0.28046875 0.025 0.06640625
4 0.3875 0.2859375 0.025 0.0765625
3 0.48515625 0.5265625 0.025 0.06640625
3 0.565625 0.56171875 0.07421875 0.2125
4 0.56328125 0.415625 0.02734375 0.078125
3 0.5796875 0.5203125 0.0171875 0.08203125
3 0.5984375 0.525 0.01953125 0.0859375
0 0.6453125 0.528125 0.0328125 0.103125
3 0.684375 0.528125 0.0234375 0.0875
3 0.70390625 0.53046875 0.02734375 0.0875
3 0.72734375 0.5265625 0.0234375 0.08984375
3 0.784375 0.51875 0.025 0.1078125
1 0.95234375 0.5265625 0.0921875 0.084375