1 0.909375 0.6359375 0.1796875 0.3515625
1 0.05 0.5125 0.09765625 0.1640625
1 0.178125 0.50625 0.09765625 0.125
1 0.178125 0.50859375 0.07421875 0.0859375
1 0.2359375 0.49140625 0.04296875 0.07421875
1 0.2984375 0.50625 0.05625 0.0625
1 0.3 0.5046875 0.040625 0.0390625
1 0.38203125 0.503125 0.071875 0.115625
1 0.4484375 0.49296875 0.040625 0.0625
1 0.4984375 0.49375 0.021875 0.0390625
1 0.53046875 0.49140625 0.0296875 0.0390625
1 0.61640625 0.51640625 0.071875 0.103125
1 0.61640625 0.50859375 0.0609375 0.071875
3 0.65 0.503125 0.0171875 0.0953125
1 0.6921875 0.484375 0.0625 0.0859375
1 0.76875 0.56875 0.1234375 0.2828125
1 0.81328125 0.56328125 0.21484375 0.2171875