1 0.16484375 0.496875 0.053125 0.0484375
8 0.2375 0.4296875 0.0234375 0.05625
1 0.4234375 0.4859375 0.071875 0.0953125
4 0.4328125 0.38203125 0.015625 0.0375
1 0.46796875 0.48828125 0.0296875 0.053125
1 0.50703125 0.50390625 0.08203125 0.0875
7 0.49609375 0.35078125 0.0140625 0.05078125
1 0.57890625 0.4953125 0.03515625 0.0765625
7 0.5859375 0.4265625 0.0140625 0.04296875
1 0.63671875 0.5125 0.09375 0.1015625
7 0.65703125 0.4140625 0.0234375 0.05859375
1 0.81328125 0.54296875 0.25390625 0.3140625