2 0.0625 0.5484375 0.125 0.08984375
1 0.0703125 0.5484375 0.140625 0.08984375
3 0.05078125 0.565625 0.0296875 0.0765625
2 0.1390625 0.54375 0.071875 0.0875
1 0.1390625 0.5484375 0.071875 0.0859375
7 0.134375 0.4296875 0.025 0.0703125
2 0.2 0.540625 0.0625 0.0390625
1 0.19921875 0.56171875 0.0609375 0.0546875
1 0.303125 0.5640625 0.0765625 0.0859375
1 0.3375 0.55859375 0.0328125 0.06640625
1 0.49140625 0.5546875 0.0296875 0.06640625
1 0.515625 0.5546875 0.0609375 0.0703125
4 0.5921875 0.3890625 0.0296875 0.0796875
7 0.8171875 0.440625 0.025 0.040625