1 0.109375 0.53515625 0.025 0.0328125
1 0.13671875 0.53828125 0.05859375 0.0625
1 0.1359375 0.5375 0.0375 0.0390625
1 0.1921875 0.53515625 0.05625 0.0390625
1 0.20703125 0.521875 0.053125 0.0390625
1 0.27421875 0.525 0.0546875 0.05078125
1 0.3484375 0.53125 0.05078125 0.053125
5 0.36328125 0.34453125 0.01953125 0.07421875
5 0.4296875 0.440625 0.0234375 0.0546875
5 0.43125 0.44453125 0.0171875 0.0453125
1 0.5421875 0.5734375 0.1796875 0.25
1 0.66796875 0.525 0.0625 0.1015625
1 0.6609375 0.525 0.0453125 0.08984375
5 0.64765625 0.46484375 0.015625 0.0328125
2 0.76875 0.4671875 0.18125 0.32421875
1 0.925 0.55 0.0234375 0.08984375
3 0.9546875 0.53515625 0.01953125 0.1
3 0.98125 0.53046875 0.0328125 0.11328125