1 0.47578125 0.49921875 0.03515625 0.0484375
3 0.99140625 0.496875 0.0171875 0.078125
4 0.06171875 0.07109375 0.09375 0.140625
1 0.0953125 0.52265625 0.0703125 0.1015625
1 0.10078125 0.51953125 0.053125 0.09765625
1 0.24140625 0.503125 0.15 0.071875
1 0.45 0.4953125 0.021875 0.046875
4 0.57109375 0.0265625 0.02734375 0.05078125
7 0.565625 0.3640625 0.015625 0.0484375
1 0.61875 0.48828125 0.0453125 0.0609375
1 0.7375 0.49921875 0.22265625 0.0921875
2 0.7453125 0.49140625 0.2203125 0.0921875
7 0.653125 0.3578125 0.0171875 0.0546875
7 0.728125 0.4171875 0.015625 0.05078125
7 0.80078125 0.0765625 0.0296875 0.1015625
1 0.8609375 0.50078125 0.0390625 0.040625
1 0.92109375 0.4859375 0.103125 0.05625