1 0.11640625 0.5546875 0.09375 0.084375
3 0.0796875 0.5171875 0.015625 0.03515625
1 0.16875 0.534375 0.03515625 0.0765625
1 0.2171875 0.546875 0.1015625 0.1078125
1 0.2859375 0.525 0.0609375 0.1
1 0.28984375 0.52265625 0.0609375 0.1015625
3 0.3484375 0.50859375 0.0171875 0.05859375
3 0.3625 0.50859375 0.015625 0.05859375
1 0.43125 0.503125 0.0296875 0.06640625
1 0.4359375 0.50625 0.0296875 0.0546875
1 0.4984375 0.51875 0.0796875 0.1171875
3 0.6296875 0.4859375 0.02734375 0.1109375
3 0.6296875 0.49375 0.025 0.115625
3 0.65625 0.48046875 0.025 0.0921875
1 0.825 0.51953125 0.3453125 0.2671875