1 0.06953125 0.56328125 0.1390625 0.11875
5 0.13125 0.3953125 0.021875 0.0546875
4 0.1296875 0.39375 0.0171875 0.053125
1 0.2546875 0.55859375 0.06875 0.0859375
1 0.3390625 0.55390625 0.0625 0.0765625
1 0.41796875 0.57109375 0.1265625 0.1421875
4 0.54375 0.365625 0.025 0.0765625
0 0.64921875 0.625 0.0875 0.40625
3 0.72265625 0.55390625 0.02734375 0.1265625
3 0.8140625 0.53828125 0.053125 0.2359375
3 0.81328125 0.53125 0.04296875 0.20703125
3 0.859375 0.52421875 0.0234375 0.19921875
3 0.89921875 0.53203125 0.025 0.16796875
3 0.97578125 0.5328125 0.0453125 0.18359375