7 0.08203125 0.078125 0.1640625 0.15625
7 0.065625 0.0671875 0.0765625 0.125
1 0.0875 0.53125 0.0375 0.05078125
1 0.09375 0.49921875 0.040625 0.03125
1 0.17109375 0.503125 0.1015625 0.0625
1 0.215625 0.5140625 0.0609375 0.0765625
1 0.26640625 0.525 0.103125 0.078125
1 0.33671875 0.5140625 0.07421875 0.0796875
1 0.39765625 0.503125 0.046875 0.0296875
1 0.39765625 0.49921875 0.0328125 0.0453125
1 0.43359375 0.4984375 0.0296875 0.02734375
1 0.43671875 0.50390625 0.025 0.05078125
1 0.475 0.4953125 0.02734375 0.0375
4 0.56875 0.36015625 0.0234375 0.0625
4 0.5734375 0.03046875 0.02734375 0.05625
7 0.56640625 0.3640625 0.0140625 0.040625
7 0.65234375 0.3578125 0.009375 0.0390625
4 0.80078125 0.07734375 0.05078125 0.1171875
7 0.8015625 0.07734375 0.02734375 0.08984375
1 0.81328125 0.496875 0.0296875 0.040625
1 0.8609375 0.49140625 0.0859375 0.0546875
3 0.96171875 0.49296875 0.0234375 0.1