0 0.0296875 0.49375 0.025 0.07421875
1 0.06953125 0.496875 0.08984375 0.0859375
1 0.13203125 0.496875 0.0296875 0.0328125
1 0.16796875 0.49140625 0.05859375 0.06640625
8 0.37890625 0.2859375 0.0234375 0.08203125
8 0.38671875 0.275 0.0171875 0.0625
1 0.5125 0.5921875 0.2671875 0.32421875
5 0.5109375 0.2765625 0.0234375 0.06640625
5 0.64375 0.3015625 0.025 0.07421875
1 0.73515625 0.47734375 0.0546875 0.0390625
1 0.8625 0.5578125 0.2640625 0.3890625
5 0.7546875 0.384375 0.0234375 0.0703125
5 0.7515625 0.378125 0.0171875 0.05078125