1 0.8953125 0.728125 0.20703125 0.459375
1 0.12421875 0.5609375 0.1421875 0.14453125
1 0.2140625 0.546875 0.06875 0.11875
1 0.209375 0.5515625 0.0609375 0.103125
1 0.2703125 0.54296875 0.0546875 0.0953125
1 0.3109375 0.5375 0.0390625 0.0703125
1 0.42109375 0.553125 0.084375 0.10546875
1 0.47734375 0.52421875 0.0640625 0.115625
2 0.47578125 0.528125 0.05859375 0.084375
1 0.6453125 0.57734375 0.165625 0.1859375
1 0.64921875 0.5796875 0.165625 0.1640625
1 0.73359375 0.509375 0.0703125 0.08984375
1 0.846875 0.51484375 0.115625 0.1421875