3 0.02421875 0.5625 0.021875 0.09765625
0 0.05625 0.5546875 0.0328125 0.0765625
2 0.19921875 0.51875 0.0953125 0.084375
1 0.21875 0.54765625 0.1 0.05078125
1 0.2203125 0.546875 0.1015625 0.0609375
1 0.3046875 0.55 0.0703125 0.084375
1 0.346875 0.534375 0.0234375 0.03125
1 0.34765625 0.53515625 0.0171875 0.0296875
8 0.37578125 0.35078125 0.01171875 0.040625
1 0.40625 0.54765625 0.06875 0.084375
7 0.45625 0.36328125 0.0140625 0.04296875
7 0.45625 0.36796875 0.01171875 0.0390625
3 0.46015625 0.5296875 0.015625 0.0953125
3 0.4671875 0.53046875 0.025 0.09375
3 0.46953125 0.53046875 0.015625 0.0859375
2 0.5640625 0.4984375 0.19375 0.0953125
1 0.54296875 0.53203125 0.0875 0.134375
1 0.5296875 0.534375 0.0453125 0.12109375
1 0.60234375 0.559375 0.12109375 0.140625
7 0.5640625 0.43125 0.01171875 0.0140625
7 0.565625 0.434375 0.01171875 0.0171875
7 0.696875 0.36015625 0.015625 0.046875
7 0.696875 0.359375 0.01171875 0.0390625
3 0.78984375 0.51484375 0.025 0.10546875
3 0.79296875 0.5140625 0.0328125 0.1
0 0.921875 0.50390625 0.03125 0.071875