2 0.05859375 0.49140625 0.1171875 0.1859375
1 0.09453125 0.57734375 0.1890625 0.203125
1 0.17578125 0.4703125 0.12109375 0.1234375
2 0.184375 0.49296875 0.13125 0.146875
1 0.2890625 0.62421875 0.275 0.3375
2 0.4046875 0.5296875 0.12890625 0.19140625
1 0.43359375 0.51953125 0.078125 0.259375
1 0.50859375 0.5375 0.05625 0.08203125
1 0.53125 0.5328125 0.0296875 0.1109375
1 0.5859375 0.52734375 0.1078125 0.15234375
1 0.6546875 0.55859375 0.1734375 0.1796875
2 0.7515625 0.4828125 0.1078125 0.19140625