3 0.665625 0.48046875 0.025 0.05859375
7 0.0484375 0.44921875 0.01953125 0.04296875
1 0.0953125 0.51953125 0.071875 0.0640625
1 0.14375 0.5046875 0.03515625 0.05078125
7 0.1828125 0.36640625 0.01953125 0.0375
8 0.1859375 0.36640625 0.01953125 0.04296875
1 0.22265625 0.496875 0.040625 0.0546875
7 0.24375 0.37109375 0.01953125 0.0390625
7 0.24609375 0.36796875 0.01953125 0.0328125
1 0.27265625 0.503125 0.0609375 0.078125
1 0.2765625 0.5 0.0625 0.0640625
7 0.325 0.43828125 0.015625 0.05078125
7 0.328125 0.42890625 0.015625 0.03125
1 0.35625 0.49296875 0.040625 0.09765625
1 0.425 0.5046875 0.1578125 0.23046875
7 0.509375 0.38671875 0.0328125 0.0609375
1 0.54296875 0.51484375 0.09765625 0.115625
1 0.65625 0.55078125 0.1109375 0.1578125
1 0.8515625 0.5390625 0.290625 0.2890625
1 0.8390625 0.5515625 0.2640625 0.35