1 0.0421875 0.54609375 0.08203125 0.1421875
1 0.13125 0.54375 0.115625 0.0859375
1 0.12890625 0.54375 0.1015625 0.115625
1 0.22265625 0.53125 0.05625 0.0640625
1 0.2328125 0.52734375 0.0703125 0.0640625
1 0.36328125 0.5078125 0.025 0.0484375
1 0.38203125 0.5046875 0.0140625 0.0375
1 0.39375 0.5 0.01953125 0.0328125
1 0.45 0.49296875 0.0234375 0.0375
1 0.5140625 0.48515625 0.0296875 0.0234375
1 0.540625 0.4984375 0.01953125 0.02734375
1 0.55625 0.50703125 0.03515625 0.053125
1 0.565625 0.5078125 0.04296875 0.0453125