1 0.015625 0.53046875 0.0296875 0.046875
7 0.06171875 0.44921875 0.021875 0.040625
8 0.06328125 0.4640625 0.0171875 0.0484375
1 0.1265625 0.52265625 0.03515625 0.0453125
1 0.14921875 0.5171875 0.01953125 0.0484375
1 0.171875 0.5203125 0.03515625 0.040625
1 0.19375 0.51640625 0.021875 0.04296875
1 0.2203125 0.51171875 0.0453125 0.053125
8 0.21484375 0.37109375 0.01953125 0.0546875
1 0.42890625 0.5796875 0.3734375 0.5171875
1 0.26640625 0.50859375 0.0390625 0.08984375
4 0.5890625 0.378125 0.0328125 0.0609375
1 0.66015625 0.5328125 0.1171875 0.103125
1 0.9375 0.66796875 0.1234375 0.3109375