1 0.1359375 0.57109375 0.271875 0.2796875
1 0.24921875 0.49921875 0.03515625 0.071875
1 0.29375 0.503125 0.0546875 0.05078125
1 0.28828125 0.503125 0.0375 0.0453125
8 0.2828125 0.29296875 0.0234375 0.0609375
1 0.3609375 0.49140625 0.0296875 0.040625
5 0.37421875 0.29765625 0.01953125 0.0546875
5 0.37578125 0.31171875 0.015625 0.0296875
5 0.44609375 0.315625 0.01953125 0.053125
5 0.446875 0.3234375 0.0140625 0.02734375
1 0.5203125 0.48515625 0.03125 0.0390625
3 0.55390625 0.4875 0.0171875 0.040625
5 0.59765625 0.403125 0.0171875 0.05625
5 0.5953125 0.4125 0.0140625 0.0296875
1 0.62109375 0.4875 0.0453125 0.05078125
1 0.625 0.48515625 0.0328125 0.05078125
5 0.63125 0.35 0.021875 0.0640625
5 0.6296875 0.3703125 0.01953125 0.0390625
1 0.78046875 0.4734375 0.15234375 0.08984375