1 0.87421875 0.6 0.1890625 0.18125
1 0.2296875 0.5015625 0.12109375 0.11328125
1 0.3046875 0.4984375 0.02734375 0.1109375
7 0.36796875 0.4546875 0.0171875 0.0328125
1 0.46171875 0.4828125 0.0609375 0.078125
1 0.478125 0.503125 0.0484375 0.0546875
7 0.50703125 0.4 0.0140625 0.03125
7 0.5484375 0.4046875 0.015625 0.03125
7 0.6203125 0.440625 0.0171875 0.03515625
1 0.6375 0.50625 0.05078125 0.0765625
1 0.63984375 0.50703125 0.05078125 0.0703125
1 0.696875 0.5328125 0.10546875 0.1
7 0.67578125 0.4234375 0.02734375 0.06875