1 0.15546875 0.55 0.0375 0.04296875
1 0.2421875 0.53515625 0.0375 0.0390625
7 0.2984375 0.41015625 0.0140625 0.04296875
1 0.35234375 0.5390625 0.03515625 0.0453125
5 0.35078125 0.4203125 0.0140625 0.0375
1 0.403125 0.5296875 0.0375 0.040625
5 0.39921875 0.42890625 0.01953125 0.0390625
1 0.47734375 0.53203125 0.03515625 0.0640625
1 0.5328125 0.546875 0.1 0.103125
5 0.5015625 0.48046875 0.0140625 0.0375
5 0.590625 0.4453125 0.0171875 0.046875
1 0.64140625 0.5375 0.0765625 0.0765625
1 0.81171875 0.5609375 0.171875 0.11875