1 0.03984375 0.55625 0.05625 0.04296875
1 0.14765625 0.53046875 0.0703125 0.0625
1 0.1484375 0.5328125 0.0640625 0.053125
1 0.3171875 0.52734375 0.053125 0.0625
1 0.34765625 0.525 0.0234375 0.0390625
1 0.39453125 0.51640625 0.0375 0.04296875
1 0.396875 0.5234375 0.0234375 0.02734375
1 0.43359375 0.5171875 0.0328125 0.040625
1 0.49375 0.52734375 0.0484375 0.05078125
1 0.53828125 0.5296875 0.0390625 0.05078125
1 0.5375 0.525 0.0328125 0.0484375
1 0.5703125 0.53515625 0.046875 0.07421875
1 0.61328125 0.540625 0.071875 0.0875
1 0.84765625 0.496875 0.1015625 0.0765625
1 0.8640625 0.50859375 0.0875 0.053125
1 0.91875 0.5078125 0.1484375 0.07421875