0 0.00703125 0.53046875 0.01171875 0.0953125
0 0.0921875 0.5390625 0.025 0.07421875
0 0.090625 0.5328125 0.0171875 0.06640625
8 0.12890625 0.4515625 0.01953125 0.0546875
1 0.334375 0.584375 0.34765625 0.46484375
4 0.359375 0.3234375 0.01171875 0.046875
5 0.4546875 0.3296875 0.0171875 0.05078125
2 0.71171875 0.40625 0.39453125 0.5609375
1 0.9171875 0.70234375 0.16015625 0.4703125
1 0.9359375 0.465625 0.08203125 0.115625
2 0.9375 0.43671875 0.06875 0.05078125
3 0.92578125 0.49609375 0.0296875 0.1078125