1 0.7890625 0.54765625 0.19375 0.1890625
1 0.909375 0.5984375 0.18125 0.4609375
1 0.37421875 0.48515625 0.04296875 0.053125
1 0.3734375 0.49296875 0.03125 0.04296875
8 0.409375 0.3921875 0.015625 0.025
1 0.4359375 0.48515625 0.03515625 0.046875
1 0.459375 0.48828125 0.0328125 0.046875
5 0.45390625 0.40546875 0.0140625 0.0234375
5 0.48828125 0.41015625 0.01171875 0.02734375
1 0.5015625 0.48125 0.0328125 0.0375
5 0.5546875 0.44921875 0.01171875 0.0296875
5 0.6 0.42265625 0.01953125 0.05625
5 0.60078125 0.42890625 0.0171875 0.03125
1 0.625 0.51171875 0.06640625 0.084375
1 0.6859375 0.52734375 0.109375 0.1625