1 0.1 0.5328125 0.19921875 0.5375
1 0.059375 0.496875 0.071875 0.09765625
1 0.19453125 0.440625 0.1546875 0.1078125
1 0.25 0.54375 0.15 0.1546875
8 0.246875 0.3515625 0.0234375 0.0625
4 0.246875 0.353125 0.01953125 0.05078125
4 0.30546875 0.35625 0.01953125 0.06640625
1 0.35859375 0.51171875 0.04296875 0.0765625
1 0.4625 0.5546875 0.1953125 0.2359375
5 0.38203125 0.36015625 0.01953125 0.05625
4 0.3859375 0.35546875 0.0171875 0.046875
5 0.44453125 0.36328125 0.0328125 0.0765625
7 0.44453125 0.353125 0.0171875 0.05078125
5 0.5640625 0.4296875 0.0171875 0.0625
5 0.56875 0.41875 0.0171875 0.0453125
1 0.765625 0.51484375 0.03125 0.07421875
1 0.7796875 0.50390625 0.0546875 0.06875
1 0.8640625 0.5328125 0.209375 0.24375