2 0.05546875 0.51953125 0.1078125 0.1109375
1 0.0890625 0.584375 0.1265625 0.18125
1 0.29296875 0.59765625 0.3140625 0.42578125
4 0.31640625 0.33515625 0.021875 0.05625
7 0.41328125 0.32734375 0.025 0.05625
7 0.415625 0.3375 0.0171875 0.0546875
1 0.48515625 0.5296875 0.1078125 0.11875
1 0.4875 0.54296875 0.10546875 0.08984375
1 0.4921875 0.51171875 0.0296875 0.0296875
7 0.49140625 0.3296875 0.025 0.0703125
7 0.49296875 0.3296875 0.0171875 0.046875
2 0.521875 0.50390625 0.0296875 0.040625
1 0.62890625 0.54296875 0.0453125 0.1171875
1 0.79765625 0.625 0.3734375 0.3578125
7 0.6796875 0.428125 0.01953125 0.0546875
1 0.9421875 0.51953125 0.0796875 0.0609375
7 0.934375 0.25859375 0.053125 0.1546875
3 0.95625 0.5203125 0.0390625 0.07421875
3 0.9546875 0.521875 0.025 0.06640625