8 0.065625 0.4671875 0.0140625 0.0328125
8 0.06640625 0.471875 0.01171875 0.0375
1 0.1484375 0.55390625 0.12890625 0.1328125
8 0.2765625 0.3703125 0.01953125 0.0328125
8 0.2734375 0.371875 0.01171875 0.03515625
1 0.28828125 0.528125 0.021875 0.0296875
1 0.32734375 0.52265625 0.015625 0.0171875
1 0.340625 0.515625 0.0140625 0.0171875
5 0.35546875 0.36640625 0.01171875 0.0390625
5 0.35625 0.36640625 0.01171875 0.0390625
1 0.3703125 0.51953125 0.0375 0.05078125
1 0.396875 0.51484375 0.025 0.0328125
1 0.4234375 0.53125 0.053125 0.06875
5 0.49609375 0.44453125 0.01171875 0.03125
5 0.496875 0.4421875 0.009375 0.03125
1 0.6296875 0.496875 0.1015625 0.071875
1 0.703125 0.4984375 0.10546875 0.0703125