1 0.87109375 0.565625 0.25625 0.2484375
1 0.115625 0.49609375 0.0625 0.03515625
1 0.2546875 0.4890625 0.0390625 0.03515625
1 0.3015625 0.48828125 0.0375 0.0375
1 0.3421875 0.48515625 0.025 0.0390625
1 0.37109375 0.496875 0.04296875 0.053125
5 0.3765625 0.37109375 0.015625 0.0390625
6 0.37890625 0.37578125 0.0140625 0.0484375
1 0.4265625 0.4984375 0.04296875 0.053125
5 0.43046875 0.37421875 0.0171875 0.040625
5 0.43125 0.375 0.01171875 0.04296875
1 0.45625 0.48359375 0.0296875 0.04296875
1 0.496875 0.4859375 0.0296875 0.046875
5 0.575 0.434375 0.0171875 0.03515625
5 0.575 0.434375 0.0140625 0.0328125
3 0.6109375 0.48515625 0.02734375 0.071875
5 0.628125 0.40234375 0.01953125 0.0484375
5 0.62890625 0.4 0.0140625 0.0546875
2 0.78203125 0.43359375 0.04296875 0.09375
2 0.7890625 0.4359375 0.04296875 0.08203125
2 0.85234375 0.42890625 0.11328125 0.0953125
2 0.84765625 0.43671875 0.08203125 0.08984375