6 0.0671875 0.440625 0.0140625 0.0390625
1 0.17265625 0.4984375 0.05625 0.05625
1 0.2375 0.4984375 0.046875 0.053125
1 0.28828125 0.496875 0.053125 0.05859375
1 0.2953125 0.4984375 0.0484375 0.05625
1 0.3203125 0.4875 0.0328125 0.0453125
6 0.33671875 0.3453125 0.01953125 0.0453125
6 0.33984375 0.3390625 0.0140625 0.0484375
1 0.384375 0.5 0.04296875 0.053125
5 0.4078125 0.35078125 0.0171875 0.040625
5 0.409375 0.34453125 0.01171875 0.04296875
1 0.43125 0.496875 0.0390625 0.05078125
1 0.44609375 0.49140625 0.0296875 0.04296875
1 0.49609375 0.4953125 0.0296875 0.046875
5 0.5953125 0.42890625 0.0140625 0.0328125
5 0.6 0.42890625 0.0140625 0.0390625
3 0.678125 0.5078125 0.02734375 0.071875
5 0.715625 0.359375 0.021875 0.08203125
5 0.7203125 0.35859375 0.02734375 0.07421875