1 0.11015625 0.50859375 0.05859375 0.0296875
1 0.11640625 0.503125 0.05078125 0.0234375
1 0.2453125 0.5 0.05078125 0.04296875
1 0.35546875 0.490625 0.0796875 0.0796875
5 0.4359375 0.38359375 0.0140625 0.03125
5 0.43828125 0.384375 0.0140625 0.0375
5 0.4734375 0.384375 0.0140625 0.0296875
5 0.478125 0.38671875 0.0171875 0.02734375
1 0.515625 0.48515625 0.0390625 0.0390625
5 0.571875 0.44375 0.0140625 0.02734375
5 0.578125 0.434375 0.0171875 0.0375
1 0.628125 0.496875 0.0953125 0.09375
5 0.6 0.42890625 0.0140625 0.0328125
5 0.60078125 0.428125 0.0140625 0.0390625
0 0.68671875 0.51484375 0.040625 0.1703125
0 0.690625 0.51640625 0.04296875 0.1640625