1 0.2171875 0.496875 0.0546875 0.05625
1 0.32421875 0.48828125 0.0328125 0.0296875
1 0.3578125 0.49140625 0.05859375 0.06875
4 0.384375 0.365625 0.0171875 0.0375
5 0.44609375 0.371875 0.01171875 0.03515625
5 0.45 0.3703125 0.0140625 0.0375
1 0.496875 0.50859375 0.0765625 0.09765625
5 0.4984375 0.371875 0.015625 0.0328125
5 0.4984375 0.37421875 0.01171875 0.03515625
5 0.61875 0.43671875 0.0140625 0.0296875
5 0.61875 0.43671875 0.01171875 0.0328125
5 0.67265625 0.40546875 0.01953125 0.046875
5 0.678125 0.4125 0.01171875 0.0390625
1 0.76640625 0.503125 0.134375 0.13125
1 0.76484375 0.49375 0.125 0.12109375