1 0.1765625 0.48515625 0.071875 0.05859375
5 0.26875 0.45703125 0.01953125 0.0390625
1 0.3546875 0.5015625 0.0328125 0.046875
1 0.35859375 0.5 0.0296875 0.0375
2 0.3921875 0.48515625 0.05859375 0.07421875
2 0.39453125 0.48359375 0.0546875 0.09375
1 0.44453125 0.503125 0.0484375 0.05625
5 0.4421875 0.3890625 0.0171875 0.0375
1 0.49140625 0.4921875 0.0328125 0.0390625
5 0.51953125 0.3984375 0.0234375 0.0375
5 0.51875 0.390625 0.01171875 0.03125
1 0.57109375 0.5015625 0.05625 0.053125
5 0.5734375 0.4390625 0.0171875 0.03515625
5 0.5734375 0.44609375 0.015625 0.0296875
5 0.62109375 0.43125 0.0171875 0.02734375
5 0.62421875 0.42265625 0.009375 0.0375
1 0.74140625 0.54765625 0.203125 0.25625