7 0.0265625 0.44921875 0.0171875 0.04296875
1 0.11640625 0.5046875 0.07421875 0.0609375
7 0.159375 0.3703125 0.01953125 0.0375
8 0.1609375 0.378125 0.01953125 0.04296875
1 0.20390625 0.5 0.040625 0.0546875
7 0.2171875 0.378125 0.01953125 0.0328125
7 0.2203125 0.3828125 0.015625 0.04296875
1 0.25390625 0.50859375 0.0609375 0.06640625
1 0.259375 0.5078125 0.04296875 0.06640625
7 0.2984375 0.440625 0.015625 0.05078125
7 0.30078125 0.43359375 0.015625 0.03125
1 0.3109375 0.4984375 0.02734375 0.0640625
1 0.33984375 0.4984375 0.0484375 0.0796875
1 0.33984375 0.49375 0.0453125 0.06640625
1 0.4 0.50859375 0.12890625 0.19921875
1 0.5046875 0.51875 0.0921875 0.09375
1 0.59765625 0.53984375 0.08203125 0.1265625
1 0.75390625 0.5265625 0.24609375 0.23046875
1 0.71171875 0.53984375 0.16015625 0.24375
1 0.8921875 0.57734375 0.2125 0.35