3 0.85078125 0.515625 0.0171875 0.06875
1 0.0671875 0.5546875 0.09375 0.0546875
1 0.075 0.5515625 0.08203125 0.05625
1 0.24296875 0.546875 0.08203125 0.0703125
8 0.2875 0.46171875 0.025 0.06640625
8 0.2828125 0.45390625 0.0140625 0.0390625
1 0.3375 0.5375 0.0296875 0.03515625
1 0.36328125 0.53125 0.05625 0.0546875
1 0.496875 0.5296875 0.03515625 0.0453125
1 0.5390625 0.50390625 0.0796875 0.134375
2 0.53984375 0.50703125 0.0640625 0.1265625
7 0.53203125 0.3703125 0.0171875 0.046875
8 0.53203125 0.3703125 0.0140625 0.0328125
1 0.57734375 0.51953125 0.03515625 0.05625
5 0.60234375 0.36640625 0.01953125 0.05859375
5 0.60234375 0.365625 0.015625 0.04296875
1 0.64453125 0.5171875 0.0375 0.0453125
0 0.6828125 0.52265625 0.01953125 0.0546875
5 0.709375 0.44609375 0.0234375 0.046875
1 0.7140625 0.5140625 0.03125 0.04296875
5 0.709375 0.44609375 0.0140625 0.0390625
1 0.775 0.51953125 0.0953125 0.05859375
5 0.75625 0.40234375 0.02734375 0.071875
5 0.75703125 0.4 0.0234375 0.0765625