1 0.071875 0.5578125 0.0546875 0.08203125
1 0.13203125 0.5546875 0.08203125 0.0875
1 0.20625 0.5546875 0.0703125 0.0703125
2 0.2359375 0.5 0.05859375 0.103125
1 0.2875 0.55 0.08984375 0.1265625
4 0.2609375 0.2640625 0.025 0.06640625
1 0.39765625 0.5703125 0.1328125 0.16015625
4 0.384375 0.27734375 0.025 0.0765625
3 0.48125 0.534375 0.025 0.071875
4 0.57421875 0.4171875 0.02734375 0.0796875
3 0.621875 0.53984375 0.021875 0.09765625
3 0.6453125 0.54296875 0.021875 0.1078125
3 0.6734375 0.53984375 0.03125 0.1078125
0 0.715625 0.54296875 0.04296875 0.13125
3 0.73828125 0.546875 0.0328125 0.11328125
3 0.7625 0.54296875 0.0328125 0.11875
0 0.81171875 0.54296875 0.0609375 0.16796875
3 0.884375 0.53125 0.0296875 0.1