3 0.01640625 0.55078125 0.0296875 0.0796875
1 0.1234375 0.53828125 0.07421875 0.078125
1 0.3296875 0.65234375 0.33203125 0.41796875
3 0.17578125 0.5359375 0.021875 0.08203125
3 0.1765625 0.53515625 0.0171875 0.07421875
8 0.28046875 0.2765625 0.01953125 0.0640625
7 0.38984375 0.2859375 0.01953125 0.071875
3 0.51875 0.521875 0.021875 0.0640625
3 0.51875 0.52421875 0.015625 0.05859375
3 0.5296875 0.51875 0.0171875 0.0640625
3 0.53203125 0.51953125 0.015625 0.0703125
7 0.56328125 0.4078125 0.021875 0.0640625
3 0.6203125 0.5125 0.0234375 0.078125
3 0.634375 0.4890625 0.0171875 0.04296875
0 0.659375 0.5265625 0.025 0.08984375
1 0.74921875 0.53984375 0.04296875 0.07421875
1 0.875 0.540625 0.2484375 0.1390625