1 0.05078125 0.4984375 0.1015625 0.05625
1 0.21171875 0.48359375 0.07421875 0.103125
1 0.271875 0.4921875 0.134375 0.15234375
8 0.2953125 0.36015625 0.021875 0.0328125
8 0.29765625 0.3640625 0.021875 0.0546875
1 0.3546875 0.49921875 0.040625 0.0921875
1 0.3546875 0.49921875 0.03515625 0.10546875
5 0.3578125 0.3578125 0.015625 0.03515625
5 0.3625 0.365625 0.0171875 0.04296875
5 0.4078125 0.359375 0.0171875 0.0453125
5 0.41328125 0.3609375 0.015625 0.0375
1 0.45390625 0.50703125 0.084375 0.1078125
0 0.534375 0.49375 0.025 0.078125
0 0.534375 0.49609375 0.025 0.0765625
5 0.5390625 0.43125 0.0140625 0.03125
5 0.565625 0.3953125 0.015625 0.0484375
5 0.56875 0.40703125 0.01953125 0.06640625
1 0.8546875 0.46953125 0.040625 0.0640625
1 0.86015625 0.475 0.0484375 0.04296875
1 0.9015625 0.4625 0.0609375 0.05078125