3 0.01484375 0.559375 0.025 0.11328125
3 0.06875 0.5703125 0.0328125 0.0953125
3 0.071875 0.5765625 0.02734375 0.1109375
5 0.08515625 0.371875 0.021875 0.0609375
4 0.084375 0.3765625 0.0171875 0.053125
1 0.2109375 0.5671875 0.0921875 0.10546875
1 0.32890625 0.55390625 0.078125 0.0859375
1 0.44375 0.56328125 0.1 0.1234375
4 0.56171875 0.33515625 0.025 0.0765625
0 0.62421875 0.5796875 0.0703125 0.3109375
3 0.70625 0.540625 0.0234375 0.05859375
3 0.75625 0.54296875 0.0375 0.1328125
3 0.79296875 0.55 0.04296875 0.1703125
3 0.88671875 0.53515625 0.05078125 0.23046875
3 0.8890625 0.5265625 0.053125 0.2359375
3 0.9421875 0.521875 0.05078125 0.240625