1 0.365625 0.52734375 0.09375 0.14453125
7 0.325 0.478125 0.01171875 0.0375
1 0.4203125 0.5234375 0.021875 0.0875
1 0.44609375 0.5078125 0.0375 0.04296875
1 0.48515625 0.5046875 0.0375 0.040625
1 0.4828125 0.50859375 0.025 0.03515625
5 0.5125 0.3890625 0.0140625 0.04296875
1 0.534375 0.50703125 0.0546875 0.07421875
5 0.51484375 0.3953125 0.01171875 0.03515625
5 0.5890625 0.44609375 0.015625 0.0375
5 0.58984375 0.46484375 0.01171875 0.0328125
5 0.715625 0.4140625 0.015625 0.03125
5 0.71484375 0.425 0.01171875 0.0328125
1 0.79296875 0.4890625 0.0921875 0.0625
1 0.796875 0.4921875 0.06875 0.04296875
1 0.8703125 0.4921875 0.03515625 0.03125