1 0.04296875 0.5796875 0.084375 0.225
1 0.9453125 0.6078125 0.1078125 0.271875
1 0.2375 0.525 0.115625 0.11875
1 0.3265625 0.51484375 0.05859375 0.0859375
1 0.3734375 0.4984375 0.03515625 0.06640625
1 0.4421875 0.48515625 0.046875 0.06640625
1 0.43828125 0.490625 0.040625 0.05078125
1 0.56640625 0.4890625 0.0390625 0.05859375
1 0.59453125 0.49375 0.0390625 0.1
1 0.61796875 0.490625 0.0390625 0.103125
1 0.65546875 0.5078125 0.07421875 0.125
1 0.73515625 0.5078125 0.13671875 0.17578125
1 0.83125 0.5484375 0.21484375 0.1859375