2 0.2234375 0.44921875 0.234375 0.384375
2 0.2515625 0.4609375 0.23046875 0.38125
1 0.39765625 0.52265625 0.13125 0.1109375
1 0.39765625 0.515625 0.12109375 0.1390625
1 0.4953125 0.509375 0.0375 0.0609375
1 0.515625 0.49375 0.04296875 0.06875
1 0.5703125 0.49140625 0.0296875 0.04296875
1 0.7296875 0.49140625 0.03125 0.06640625
1 0.7484375 0.50703125 0.0296875 0.0859375
1 0.7890625 0.503125 0.071875 0.12109375
1 0.78046875 0.503125 0.0484375 0.1421875
1 0.86328125 0.49921875 0.146875 0.1625
1 0.8703125 0.5046875 0.1578125 0.165625
1 0.959375 0.540625 0.078125 0.2421875
1 0.96015625 0.528125 0.0703125 0.29296875