1 0.39921875 0.525 0.03125 0.0375
1 0.4328125 0.525 0.025 0.03515625
1 0.1671875 0.53515625 0.06640625 0.0375
1 0.07421875 0.55390625 0.046875 0.046875
1 0.1140625 0.5421875 0.05078125 0.04296875
1 0.115625 0.54609375 0.0375 0.053125
1 0.28046875 0.53515625 0.05078125 0.0640625
1 0.2796875 0.53203125 0.0484375 0.0484375
1 0.35078125 0.52734375 0.03125 0.03515625
1 0.4796875 0.5265625 0.04296875 0.0546875
1 0.53515625 0.54375 0.09375 0.1234375
1 0.59765625 0.51640625 0.053125 0.0875
2 0.59453125 0.5171875 0.046875 0.06875
1 0.7390625 0.56328125 0.140625 0.12109375