3 0.86015625 0.440625 0.046875 0.2046875
1 0.11640625 0.52734375 0.06640625 0.0484375
1 0.1703125 0.5234375 0.0796875 0.04296875
3 0.1640625 0.528125 0.01953125 0.07421875
3 0.16484375 0.521875 0.0171875 0.053125
2 0.22578125 0.49921875 0.08984375 0.0625
0 0.32890625 0.51484375 0.02734375 0.053125
8 0.446875 0.4421875 0.0140625 0.040625
8 0.44921875 0.4453125 0.0171875 0.04296875
1 0.5078125 0.48515625 0.046875 0.05859375
1 0.54765625 0.49296875 0.0375 0.0296875
1 0.54765625 0.496875 0.0328125 0.0375
1 0.5875 0.4625 0.05859375 0.078125
2 0.5953125 0.4640625 0.0640625 0.0859375
3 0.67109375 0.49296875 0.0234375 0.08984375
3 0.72265625 0.4765625 0.0328125 0.146875
3 0.7234375 0.4703125 0.0234375 0.11875