3 0.5921875 0.5125 0.0140625 0.0453125
1 0.03046875 0.58125 0.0609375 0.11875
3 0.0109375 0.51875 0.015625 0.046875
3 0.0125 0.525 0.0171875 0.078125
1 0.24375 0.68046875 0.3609375 0.43125
3 0.1515625 0.525 0.015625 0.04296875
7 0.159375 0.39921875 0.0140625 0.0453125
1 0.43671875 0.53125 0.03515625 0.05625
7 0.51484375 0.36796875 0.0171875 0.05625
3 0.6484375 0.53125 0.021875 0.1015625
3 0.74375 0.53125 0.0328125 0.2171875
3 0.78046875 0.52265625 0.06875 0.259375
3 0.91796875 0.534375 0.0328125 0.1890625