1 0.8875 0.72265625 0.22265625 0.553125
3 0.06328125 0.5265625 0.01953125 0.07421875
1 0.15 0.553125 0.0703125 0.06875
1 0.20390625 0.540625 0.04296875 0.0640625
1 0.39453125 0.54765625 0.0953125 0.1078125
1 0.4453125 0.52265625 0.0375 0.0484375
1 0.61015625 0.5484375 0.1078125 0.1015625
3 0.66015625 0.49921875 0.0234375 0.078125
3 0.7203125 0.5296875 0.0484375 0.06875
3 0.80859375 0.49140625 0.040625 0.11875
3 0.809375 0.4875 0.02734375 0.1078125
3 0.83125 0.46484375 0.0171875 0.08984375
3 0.853125 0.4890625 0.0328125 0.125