1 0.03203125 0.56875 0.0625 0.1625
1 0.88984375 0.6734375 0.2203125 0.2984375
1 0.07109375 0.5015625 0.13671875 0.084375
1 0.09453125 0.5765625 0.06875 0.115625
1 0.096875 0.56953125 0.06875 0.0953125
1 0.103125 0.5125 0.0609375 0.0765625
1 0.153125 0.53046875 0.0625 0.1078125
1 0.1609375 0.53828125 0.0484375 0.1109375
1 0.19609375 0.5375 0.0484375 0.07421875
1 0.20234375 0.5359375 0.04296875 0.05859375
1 0.22734375 0.51484375 0.040625 0.05625
1 0.23515625 0.5171875 0.03125 0.06875
1 0.2546875 0.5171875 0.0296875 0.0625
1 0.259375 0.5203125 0.025 0.06875
2 0.27265625 0.496875 0.03125 0.10546875
2 0.2796875 0.49296875 0.02734375 0.11328125
2 0.40546875 0.46875 0.0765625 0.1625
1 0.48828125 0.5125 0.0609375 0.071875
1 0.4953125 0.51484375 0.06875 0.0625
1 0.5515625 0.5171875 0.0640625 0.1015625
1 0.60234375 0.51953125 0.05625 0.109375
1 0.640625 0.59375 0.11875 0.1328125
1 0.66328125 0.5171875 0.11875 0.0859375
1 0.7515625 0.5640625 0.1234375 0.203125
1 0.88671875 0.57109375 0.225 0.23046875