1 0.403125 0.52734375 0.02734375 0.0328125
1 0.43671875 0.528125 0.021875 0.0296875
1 0.1953125 0.53828125 0.0546875 0.0375
1 0.1203125 0.55 0.046875 0.046875
1 0.1515625 0.546875 0.03515625 0.053125
1 0.153125 0.5484375 0.03515625 0.0453125
1 0.32109375 0.53515625 0.040625 0.053125
1 0.31875 0.534375 0.0328125 0.0390625
1 0.3640625 0.5296875 0.03125 0.03515625
1 0.47578125 0.5265625 0.04296875 0.053125
1 0.534375 0.55078125 0.09375 0.12109375
1 0.5921875 0.5171875 0.0453125 0.078125
2 0.58984375 0.51875 0.040625 0.0703125
1 0.67890625 0.54296875 0.06875 0.06640625
1 0.775 0.56953125 0.15234375 0.134375