7 0.22734375 0.428125 0.02734375 0.0296875
7 0.228125 0.440625 0.0234375 0.0625
1 0.31640625 0.5453125 0.0296875 0.04296875
1 0.33515625 0.54765625 0.025 0.0390625
1 0.33984375 0.55 0.03125 0.04296875
1 0.409375 0.55390625 0.0390625 0.0375
1 0.409375 0.546875 0.0375 0.0375
7 0.43125 0.3296875 0.01953125 0.0609375
7 0.43125 0.3203125 0.01953125 0.0296875
1 0.4578125 0.546875 0.040625 0.046875
7 0.5671875 0.41796875 0.021875 0.0390625
7 0.5703125 0.43671875 0.0171875 0.0609375
7 0.73515625 0.234375 0.0453125 0.1578125
7 0.73515625 0.2046875 0.0328125 0.05078125