3 0.58515625 0.50859375 0.0140625 0.040625
3 0.63671875 0.5046875 0.01171875 0.040625
1 0.090625 0.55 0.1015625 0.1171875
7 0.090625 0.46484375 0.025 0.046875
7 0.0890625 0.46875 0.01171875 0.0296875
1 0.1859375 0.540625 0.0921875 0.0875
8 0.328125 0.36015625 0.0140625 0.0390625
8 0.3296875 0.3578125 0.0140625 0.03515625
1 0.40703125 0.5328125 0.071875 0.0953125
7 0.3984375 0.3609375 0.01171875 0.0328125
1 0.52734375 0.51484375 0.1 0.053125
7 0.50859375 0.43828125 0.0140625 0.0390625
7 0.575 0.35234375 0.0234375 0.0640625
7 0.575 0.35546875 0.0140625 0.0625
1 0.6671875 0.50859375 0.06875 0.0453125