1 0.10234375 0.52734375 0.1890625 0.1578125
4 0.07109375 0.08515625 0.109375 0.15625
1 0.31640625 0.509375 0.103125 0.1
1 0.403125 0.490625 0.0546875 0.05625
1 0.4765625 0.49609375 0.03515625 0.0390625
4 0.56640625 0.36015625 0.0140625 0.05078125
4 0.65234375 0.35546875 0.015625 0.040625
1 0.69375 0.503125 0.071875 0.0921875
5 0.72578125 0.41328125 0.015625 0.046875
1 0.74296875 0.503125 0.0375 0.0921875
1 0.78984375 0.51484375 0.1109375 0.12109375
4 0.80078125 0.07421875 0.025 0.0921875
1 0.93671875 0.53203125 0.115625 0.209375