1 0.8765625 0.59453125 0.24609375 0.2984375
1 0.35078125 0.4921875 0.040625 0.05078125
1 0.353125 0.496875 0.040625 0.05078125
4 0.4015625 0.3859375 0.0140625 0.025
1 0.43046875 0.48515625 0.0296875 0.0453125
5 0.45 0.39140625 0.0140625 0.0234375
1 0.46484375 0.4859375 0.0328125 0.046875
5 0.4859375 0.403125 0.01171875 0.02734375
1 0.5140625 0.48125 0.0328125 0.0375
5 0.5609375 0.446875 0.01171875 0.0296875
1 0.5984375 0.50859375 0.0375 0.1109375
5 0.6140625 0.42265625 0.0171875 0.03125
1 0.628125 0.515625 0.0453125 0.12109375
5 0.61640625 0.41484375 0.01953125 0.05625
1 0.6890625 0.5296875 0.1171875 0.12109375