2 0.09453125 0.490625 0.1171875 0.0765625
2 0.09375 0.475 0.1078125 0.05859375
1 0.1296875 0.5078125 0.078125 0.0921875
1 0.18671875 0.51640625 0.053125 0.05625
1 0.190625 0.5125 0.0296875 0.0546875
1 0.21796875 0.509375 0.0234375 0.05078125
1 0.22265625 0.509375 0.0296875 0.05078125
1 0.2484375 0.50625 0.02734375 0.0546875
1 0.246875 0.50390625 0.021875 0.0546875
1 0.278125 0.50703125 0.02734375 0.046875
1 0.284375 0.5015625 0.01953125 0.0390625
1 0.37578125 0.4890625 0.021875 0.03125
8 0.46484375 0.440625 0.01953125 0.0390625
4 0.52734375 0.3875 0.0171875 0.0390625
9 0.5515625 0.4296875 0.015625 0.01953125
7 0.55390625 0.434375 0.0140625 0.0375
9 0.59453125 0.4125 0.0171875 0.0296875
7 0.5953125 0.41328125 0.0140625 0.04296875
1 0.83515625 0.515625 0.18359375 0.209375