8 0.0953125 0.2421875 0.01953125 0.06640625
5 0.2015625 0.215625 0.021875 0.071875
1 0.015625 0.5546875 0.0296875 0.0953125
1 0.07734375 0.559375 0.053125 0.0703125
1 0.13671875 0.5453125 0.08984375 0.0921875
1 0.334375 0.5375 0.109375 0.1546875
5 0.30390625 0.2390625 0.025 0.08203125
5 0.303125 0.2390625 0.01953125 0.078125
5 0.4703125 0.371875 0.02734375 0.078125
5 0.4734375 0.3875 0.0171875 0.05078125
1 0.64765625 0.5234375 0.12890625 0.1171875
1 0.76484375 0.51640625 0.1640625 0.1171875
1 0.84765625 0.49609375 0.0875 0.08203125