1 0.94296875 0.5890625 0.1140625 0.24375
1 0.17265625 0.55078125 0.09765625 0.13125
1 0.23828125 0.54375 0.03515625 0.08203125
1 0.26484375 0.5421875 0.02734375 0.053125
1 0.28203125 0.53125 0.04296875 0.0640625
1 0.284375 0.53515625 0.040625 0.0625
1 0.3125 0.525 0.0453125 0.0625
1 0.31171875 0.5296875 0.03125 0.0484375
1 0.36796875 0.528125 0.0375 0.04296875
1 0.36796875 0.53046875 0.02734375 0.0328125
1 0.41875 0.525 0.04296875 0.053125
1 0.503125 0.534375 0.0484375 0.0640625
1 0.5484375 0.5140625 0.04296875 0.0796875
1 0.5453125 0.5234375 0.0296875 0.0625
7 0.5640625 0.45234375 0.015625 0.0390625
1 0.58203125 0.5296875 0.0453125 0.071875
1 0.60234375 0.54296875 0.071875 0.08203125
1 0.60234375 0.5375 0.05859375 0.0703125
1 0.740625 0.559375 0.1625 0.1421875