7 0.13203125 0.378125 0.025 0.0375
7 0.134375 0.39375 0.0234375 0.0796875
1 0.25390625 0.51875 0.03125 0.053125
1 0.290625 0.53125 0.03125 0.04296875
1 0.30625 0.5296875 0.025 0.0390625
1 0.3171875 0.53046875 0.03125 0.0375
1 0.39140625 0.53515625 0.0484375 0.05078125
1 0.39140625 0.53203125 0.0390625 0.03515625
7 0.4109375 0.2546875 0.0234375 0.07421875
7 0.41015625 0.24140625 0.0171875 0.040625
1 0.44375 0.53125 0.04296875 0.0453125
7 0.5890625 0.3703125 0.0234375 0.0390625
7 0.590625 0.3890625 0.0234375 0.07421875