1 0.040625 0.51953125 0.08125 0.0984375
1 0.00859375 0.6 0.0140625 0.11875
1 0.05078125 0.53828125 0.0796875 0.18359375
1 0.096875 0.57890625 0.12890625 0.171875
1 0.28515625 0.5890625 0.321875 0.4125
4 0.31640625 0.328125 0.01953125 0.0609375
7 0.4140625 0.3265625 0.021875 0.05078125
7 0.49140625 0.32734375 0.021875 0.0625
1 0.496875 0.5171875 0.01953125 0.0390625
1 0.55625 0.49609375 0.125 0.12890625
2 0.55625 0.4921875 0.11875 0.13125
1 0.7984375 0.63359375 0.3765625 0.3671875
1 0.6359375 0.54296875 0.0453125 0.1171875
7 0.67890625 0.41796875 0.0171875 0.05078125
7 0.93046875 0.25625 0.05625 0.1625
1 0.94609375 0.51640625 0.0796875 0.0609375
3 0.9515625 0.515625 0.02734375 0.05859375