1 0.21171875 0.503125 0.04296875 0.05078125
1 0.246875 0.50078125 0.05078125 0.0484375
1 0.30390625 0.50078125 0.0703125 0.0921875
1 0.44375 0.4890625 0.0296875 0.05859375
1 0.48359375 0.49296875 0.0296875 0.0390625
1 0.51171875 0.496875 0.040625 0.053125
1 0.57734375 0.4921875 0.025 0.08203125
1 0.590625 0.490625 0.0484375 0.08984375
1 0.61640625 0.50703125 0.0625 0.0796875
1 0.67109375 0.496875 0.0625 0.040625
1 0.675 0.4953125 0.05078125 0.05625
1 0.78828125 0.4859375 0.078125 0.046875
1 0.790625 0.48515625 0.071875 0.04296875
1 0.87421875 0.48125 0.05859375 0.04296875