1 0.071875 0.4703125 0.14375 0.31875
2 0.1703125 0.43671875 0.2359375 0.2359375
1 0.3265625 0.496875 0.071875 0.103125
7 0.346875 0.40546875 0.01953125 0.0328125
7 0.3453125 0.403125 0.0140625 0.02734375
1 0.3703125 0.50703125 0.021875 0.0609375
7 0.375 0.4015625 0.0140625 0.02734375
7 0.38125 0.40625 0.01171875 0.0296875
1 0.4109375 0.5 0.053125 0.0625
7 0.42578125 0.39453125 0.0140625 0.0296875
7 0.42890625 0.4 0.0140625 0.0296875
7 0.4640625 0.39765625 0.01953125 0.03515625
1 0.48515625 0.509375 0.05625 0.0625
7 0.46484375 0.3984375 0.0140625 0.0296875
1 0.5515625 0.484375 0.08984375 0.05859375
1 0.553125 0.4859375 0.0859375 0.05625
7 0.53828125 0.43828125 0.01171875 0.02734375
1 0.665625 0.490625 0.0796875 0.0703125
7 0.66484375 0.39140625 0.0234375 0.0375
1 0.7890625 0.47265625 0.07421875 0.0390625
1 0.7953125 0.46953125 0.0765625 0.05625