1 0.86015625 0.49296875 0.07421875 0.05078125
1 0.91328125 0.4875 0.0921875 0.05078125
1 0.06953125 0.52265625 0.1390625 0.1796875
4 0.06171875 0.0703125 0.0921875 0.13671875
1 0.1703125 0.51484375 0.05859375 0.115625
1 0.32109375 0.48515625 0.1265625 0.08984375
1 0.5078125 0.48046875 0.11328125 0.08203125
4 0.57109375 0.0265625 0.0296875 0.053125
7 0.565625 0.3640625 0.015625 0.0484375
7 0.653125 0.3578125 0.0171875 0.053125
1 0.7046875 0.509375 0.0296875 0.09375
1 0.77265625 0.5 0.13671875 0.0609375
7 0.728125 0.41796875 0.015625 0.0484375
7 0.80078125 0.07421875 0.0296875 0.0953125
1 0.9765625 0.48046875 0.040625 0.05078125