1 0.09453125 0.5515625 0.0609375 0.06640625
1 0.1375 0.54765625 0.0546875 0.0609375
1 0.14375 0.546875 0.040625 0.0609375
1 0.171875 0.55 0.0375 0.053125
1 0.19921875 0.5421875 0.03515625 0.04296875
1 0.24609375 0.5390625 0.0375 0.03515625
1 0.24921875 0.5375 0.040625 0.040625
1 0.3984375 0.55546875 0.1265625 0.17578125
1 0.46171875 0.53515625 0.040625 0.084375
1 0.5265625 0.53203125 0.0484375 0.05859375
1 0.5265625 0.53125 0.040625 0.053125
3 0.621875 0.52734375 0.0234375 0.078125
3 0.6203125 0.5234375 0.0171875 0.0765625
1 0.640625 0.5140625 0.05625 0.05625
1 0.93359375 0.5109375 0.12109375 0.1109375
1 0.93359375 0.5078125 0.11328125 0.09765625