1 0.046875 0.5328125 0.0921875 0.1265625
1 0.1109375 0.52265625 0.03125 0.0453125
1 0.21484375 0.5109375 0.0234375 0.03125
3 0.2375 0.51953125 0.01171875 0.053125
1 0.29375 0.525 0.09375 0.1109375
3 0.31640625 0.5375 0.03515625 0.125
5 0.39140625 0.3234375 0.0234375 0.084375
3 0.503125 0.53984375 0.04296875 0.15
3 0.6109375 0.5234375 0.040625 0.16015625
3 0.66796875 0.503125 0.03515625 0.13125
3 0.79375 0.50703125 0.03515625 0.15
1 0.91328125 0.5359375 0.165625 0.15234375
1 0.91484375 0.54296875 0.1640625 0.1171875