1 0.0734375 0.51484375 0.071875 0.0625
1 0.14140625 0.5171875 0.09765625 0.0953125
4 0.14375 0.2328125 0.021875 0.0640625
1 0.18046875 0.48515625 0.07421875 0.0859375
1 0.3890625 0.671875 0.4765625 0.5328125
2 0.19140625 0.4890625 0.06875 0.07421875
7 0.309375 0.22265625 0.021875 0.071875
4 0.45 0.23515625 0.0234375 0.08203125
7 0.66875 0.36328125 0.025 0.0609375
7 0.66875 0.35078125 0.0140625 0.0390625
1 0.8359375 0.496875 0.2671875 0.15
7 0.95625 0.078125 0.07421875 0.15
7 0.95234375 0.065625 0.040625 0.13125