1 0.06640625 0.5875 0.12109375 0.13125
1 0.14765625 0.565625 0.0546875 0.0875
1 0.1859375 0.55390625 0.0453125 0.06640625
1 0.1890625 0.565625 0.02734375 0.0765625
1 0.25859375 0.53828125 0.0453125 0.046875
1 0.346875 0.55546875 0.13671875 0.1953125
1 0.4296875 0.53125 0.0296875 0.0640625
1 0.42890625 0.53125 0.0296875 0.05078125
1 0.5390625 0.54765625 0.1078125 0.1171875
3 0.709375 0.5375 0.03515625 0.1390625
3 0.71015625 0.540625 0.0328125 0.1546875
1 0.8734375 0.7171875 0.2515625 0.4671875
1 0.87421875 0.73515625 0.2484375 0.521875
3 0.7734375 0.5265625 0.0296875 0.1703125
3 0.77265625 0.525 0.0234375 0.17578125