1 0.3640625 0.5375 0.115625 0.15625
1 0.43046875 0.534375 0.021875 0.09765625
1 0.45703125 0.51484375 0.02734375 0.0390625
1 0.4859375 0.51171875 0.0375 0.0390625
1 0.48828125 0.5171875 0.0234375 0.03515625
1 0.52734375 0.50859375 0.04296875 0.0625
5 0.5328125 0.3890625 0.0140625 0.04296875
5 0.5375 0.3953125 0.01171875 0.03515625
5 0.61015625 0.453125 0.0140625 0.0375
5 0.6140625 0.46953125 0.01171875 0.0328125
5 0.76953125 0.4125 0.015625 0.046875
5 0.76875 0.4296875 0.01171875 0.0328125
1 0.8453125 0.496875 0.1015625 0.0609375
1 0.846875 0.5015625 0.0875 0.0390625
1 0.934375 0.5 0.07421875 0.053125
1 0.93671875 0.49375 0.071875 0.0296875