3 0.31953125 0.53828125 0.01171875 0.05078125
3 0.2703125 0.534375 0.0140625 0.05625
3 0.07421875 0.5359375 0.01171875 0.0625
3 0.09375 0.5390625 0.0140625 0.05859375
3 0.12421875 0.534375 0.0171875 0.0640625
3 0.0546875 0.54765625 0.03515625 0.12109375
1 0.16015625 0.53828125 0.1015625 0.0796875
1 0.209375 0.5359375 0.0375 0.0625
3 0.24140625 0.56328125 0.03515625 0.1546875
1 0.259375 0.5578125 0.03515625 0.134375
1 0.41796875 0.51953125 0.15 0.08984375
1 0.52734375 0.5078125 0.103125 0.078125
3 0.4984375 0.5515625 0.03125 0.1703125
0 0.609375 0.565625 0.11328125 0.1890625