1 0.01640625 0.5328125 0.0296875 0.046875
7 0.0609375 0.45390625 0.021875 0.040625
8 0.0625 0.465625 0.0171875 0.0484375
1 0.11875 0.52265625 0.03515625 0.0453125
1 0.15703125 0.5265625 0.040625 0.05078125
1 0.18046875 0.51953125 0.021875 0.04296875
1 0.2203125 0.5140625 0.0453125 0.053125
8 0.21484375 0.371875 0.01953125 0.0546875
1 0.278125 0.51640625 0.0484375 0.08984375
1 0.28046875 0.5140625 0.053125 0.0703125
5 0.2859375 0.3671875 0.0171875 0.0453125
1 0.44453125 0.5703125 0.303125 0.43359375
4 0.590625 0.38671875 0.0328125 0.0609375
1 0.6 0.48046875 0.0484375 0.0625
4 0.58984375 0.37890625 0.025 0.0859375
1 0.65546875 0.53203125 0.1265625 0.1015625
3 0.665625 0.4796875 0.0328125 0.0546875
1 0.93828125 0.66796875 0.12109375 0.3109375