2 0.04296875 0.490625 0.0859375 0.16796875
1 0.25625 0.503125 0.03515625 0.03125
8 0.24921875 0.309375 0.01953125 0.053125
8 0.2515625 0.3140625 0.021875 0.0546875
1 0.259375 0.5046875 0.0375 0.0375
1 0.353125 0.4953125 0.09765625 0.109375
5 0.34296875 0.30390625 0.01953125 0.0453125
5 0.34375 0.309375 0.0171875 0.05078125
1 0.4078125 0.50703125 0.0390625 0.07421875
1 0.409375 0.50625 0.03515625 0.10546875
5 0.41796875 0.31171875 0.021875 0.046875
5 0.4171875 0.3078125 0.0171875 0.0453125
1 0.4875 0.496875 0.0546875 0.08203125
0 0.57890625 0.49609375 0.02734375 0.0921875
0 0.5796875 0.496875 0.0234375 0.078125
5 0.6015625 0.4078125 0.0171875 0.0375
1 0.6609375 0.49296875 0.0484375 0.046875
5 0.68046875 0.328125 0.0296875 0.0625
5 0.684375 0.3265625 0.03125 0.071875
1 0.7828125 0.496875 0.0921875 0.06640625