1 0.06328125 0.5265625 0.1265625 0.24375
1 0.065625 0.49140625 0.08984375 0.08984375
1 0.1546875 0.5078125 0.0484375 0.05078125
1 0.25078125 0.50859375 0.171875 0.19921875
1 0.26640625 0.51484375 0.1625 0.17578125
8 0.25078125 0.34375 0.0234375 0.0625
4 0.25390625 0.33515625 0.01953125 0.05078125
1 0.48125 0.63671875 0.4609375 0.4765625
4 0.30625 0.34453125 0.01953125 0.05625
5 0.384375 0.34375 0.01953125 0.0546875
4 0.39140625 0.3328125 0.0171875 0.046875
5 0.44609375 0.3484375 0.0328125 0.0765625
7 0.44609375 0.340625 0.0171875 0.0484375
5 0.56953125 0.41484375 0.0171875 0.0609375
5 0.571875 0.40625 0.0171875 0.0453125
1 0.83515625 0.48515625 0.1328125 0.0953125