1 0.03046875 0.55625 0.05859375 0.071875
1 0.1203125 0.5390625 0.04296875 0.0453125
1 0.15546875 0.54609375 0.0546875 0.0625
1 0.221875 0.534375 0.0375 0.05859375
1 0.3296875 0.525 0.05078125 0.04296875
1 0.40234375 0.5390625 0.08984375 0.125
1 0.46015625 0.5375 0.04296875 0.0859375
7 0.45390625 0.4515625 0.009375 0.0296875
7 0.47734375 0.484375 0.009375 0.0296875
1 0.5234375 0.5375 0.0453125 0.06875
7 0.5078125 0.46953125 0.009375 0.0296875
1 0.5703125 0.54296875 0.084375 0.1015625
1 0.6671875 0.57109375 0.1328125 0.1546875
1 0.8796875 0.51875 0.13125 0.109375