7 0.3671875 0.503125 0.01171875 0.0375
1 0.4078125 0.5375 0.084375 0.11875
1 0.45390625 0.525 0.021875 0.0703125
1 0.46015625 0.51953125 0.021875 0.0390625
1 0.47578125 0.525 0.04296875 0.053125
1 0.51171875 0.521875 0.0375 0.040625
1 0.51171875 0.52421875 0.025 0.03515625
5 0.5234375 0.41796875 0.0140625 0.03125
5 0.52421875 0.42265625 0.01171875 0.03515625
1 0.5734375 0.521875 0.0546875 0.07421875
5 0.6765625 0.4578125 0.01171875 0.0328125
5 0.678125 0.4515625 0.0140625 0.0296875
1 0.76875 0.49921875 0.071875 0.06640625
1 0.765625 0.5 0.0640625 0.04296875