1 0.1765625 0.55546875 0.115625 0.1015625
5 0.24296875 0.425 0.0171875 0.05078125
3 0.253125 0.53125 0.01953125 0.071875
1 0.36640625 0.615625 0.22265625 0.2671875
1 0.29765625 0.525 0.040625 0.06640625
1 0.45625 0.54296875 0.103125 0.17578125
1 0.53046875 0.53125 0.08203125 0.1109375
5 0.51953125 0.40625 0.01953125 0.05859375
3 0.56953125 0.53125 0.0296875 0.125
3 0.5875 0.53125 0.015625 0.15
3 0.6015625 0.5265625 0.025 0.1234375
3 0.65546875 0.49609375 0.0171875 0.06875
1 0.7015625 0.51640625 0.109375 0.0796875
1 0.70234375 0.5171875 0.10546875 0.09765625
3 0.71015625 0.490625 0.0140625 0.0703125
3 0.7171875 0.48515625 0.021875 0.0609375
3 0.7671875 0.5015625 0.04296875 0.0765625
1 0.928125 0.62421875 0.1421875 0.525