1 0.01171875 0.55 0.021875 0.0765625
1 0.065625 0.53828125 0.115625 0.1265625
3 0.0875 0.55390625 0.0390625 0.13125
3 0.09375 0.54765625 0.0453125 0.1390625
1 0.13984375 0.52421875 0.03125 0.0390625
3 0.1734375 0.52421875 0.021875 0.0546875
1 0.2375 0.51640625 0.0375 0.05625
1 0.23828125 0.51640625 0.025 0.0375
3 0.27265625 0.5515625 0.053125 0.13671875
1 0.31875 0.53046875 0.0765625 0.109375
7 0.4171875 0.33984375 0.0234375 0.084375
3 0.63125 0.5265625 0.0375 0.15625
3 0.6859375 0.50703125 0.03515625 0.140625
3 0.7328125 0.5140625 0.03515625 0.15