2 0.06640625 0.403125 0.1328125 0.35
1 0.2015625 0.49296875 0.1734375 0.2125
1 0.3109375 0.51875 0.0546875 0.084375
7 0.33671875 0.375 0.01953125 0.0328125
7 0.33671875 0.3828125 0.0140625 0.03515625
1 0.39453125 0.515625 0.1109375 0.10546875
7 0.3796875 0.375 0.0140625 0.02734375
7 0.3796875 0.37578125 0.01171875 0.0296875
7 0.44453125 0.375 0.015625 0.02734375
7 0.44609375 0.371875 0.0140625 0.0296875
1 0.521875 0.53046875 0.10546875 0.140625
7 0.49140625 0.378125 0.0140625 0.02734375
7 0.4953125 0.371875 0.01953125 0.0375
7 0.5875 0.42890625 0.01171875 0.02734375
1 0.6578125 0.49296875 0.0484375 0.053125
1 0.6734375 0.49296875 0.0546875 0.0390625
1 0.73046875 0.49140625 0.11328125 0.078125
1 0.7359375 0.49375 0.109375 0.0640625
7 0.821875 0.33515625 0.0234375 0.0375