3 0.478125 0.50625 0.021875 0.0609375
1 0.09765625 0.5265625 0.09375 0.040625
1 0.09765625 0.52421875 0.078125 0.06640625
1 0.26875 0.5140625 0.07421875 0.04296875
1 0.26640625 0.5171875 0.06875 0.04296875
1 0.359375 0.51171875 0.040625 0.05078125
8 0.3921875 0.36640625 0.01171875 0.0328125
1 0.41796875 0.51484375 0.05078125 0.06640625
7 0.45390625 0.3828125 0.0140625 0.03515625
7 0.45390625 0.378125 0.009375 0.0296875
1 0.52265625 0.5140625 0.053125 0.06640625
2 0.6078125 0.47265625 0.1546875 0.0765625
7 0.5375 0.428125 0.01171875 0.015625
7 0.53828125 0.43125 0.01171875 0.01953125
7 0.60078125 0.39140625 0.0140625 0.03125
7 0.603125 0.3953125 0.0140625 0.0390625
3 0.66484375 0.48515625 0.015625 0.0625
3 0.6671875 0.4921875 0.0171875 0.071875