1 0.1765625 0.4796875 0.0921875 0.10546875
1 0.184375 0.475 0.09765625 0.1015625
1 0.275 0.4921875 0.134375 0.15234375
8 0.2796875 0.346875 0.01953125 0.04296875
8 0.28203125 0.35078125 0.021875 0.0546875
1 0.35078125 0.49921875 0.03515625 0.10546875
1 0.35546875 0.49921875 0.040625 0.0921875
5 0.346875 0.3375 0.015625 0.03515625
5 0.34765625 0.34453125 0.0171875 0.04296875
5 0.4 0.3453125 0.0171875 0.0453125
5 0.403125 0.34453125 0.0140625 0.0375
1 0.45 0.496875 0.0765625 0.10546875
0 0.5328125 0.49375 0.0234375 0.078125
0 0.534375 0.49375 0.025 0.07421875
5 0.5390625 0.4171875 0.0140625 0.0296875
5 0.57421875 0.3859375 0.01953125 0.0640625
5 0.571875 0.390625 0.015625 0.0484375
1 0.87421875 0.465625 0.0484375 0.040625
1 0.88125 0.45703125 0.040625 0.0625
1 0.92578125 0.45703125 0.05859375 0.05078125