1 0.0140625 0.50078125 0.02734375 0.0625
1 0.0828125 0.484375 0.084375 0.078125
1 0.1734375 0.48046875 0.05859375 0.05859375
1 0.31171875 0.44921875 0.025 0.025
8 0.38359375 0.28125 0.0234375 0.08203125
8 0.38671875 0.275 0.0171875 0.0625
1 0.50859375 0.578125 0.24375 0.3109375
7 0.509375 0.26953125 0.021875 0.0625
7 0.63984375 0.296875 0.025 0.07421875
1 0.73046875 0.46796875 0.0546875 0.0390625
1 0.865625 0.55859375 0.2640625 0.390625
7 0.7484375 0.375 0.0234375 0.0703125
7 0.7515625 0.378125 0.0171875 0.05078125