0 0.02265625 0.53984375 0.03125 0.09375
3 0.02265625 0.53515625 0.015625 0.078125
0 0.10546875 0.5390625 0.02734375 0.0765625
0 0.1078125 0.5375 0.0171875 0.06640625
8 0.128125 0.44609375 0.01953125 0.05625
1 0.3140625 0.59453125 0.37890625 0.509375
4 0.359375 0.32109375 0.01171875 0.046875
5 0.4546875 0.328125 0.0171875 0.046875
2 0.71484375 0.403125 0.3921875 0.5609375
1 0.915625 0.69609375 0.1625 0.46875
1 0.934375 0.4609375 0.084375 0.1109375
3 0.9078125 0.503125 0.0140625 0.0921875
2 0.93828125 0.43671875 0.06875 0.05078125
3 0.94140625 0.484375 0.0234375 0.08203125