1 0.1984375 0.53515625 0.14453125 0.15
1 0.315625 0.5140625 0.0625 0.0375
1 0.3703125 0.5 0.05859375 0.078125
1 0.378125 0.496875 0.06875 0.06640625
7 0.4375 0.4375 0.0171875 0.053125
7 0.44375 0.446875 0.025 0.05859375
1 0.47578125 0.503125 0.05078125 0.0390625
1 0.48046875 0.50625 0.046875 0.0484375
1 0.553125 0.49296875 0.05859375 0.046875
1 0.5546875 0.49140625 0.053125 0.046875
7 0.5890625 0.2671875 0.015625 0.04296875
8 0.58984375 0.271875 0.0140625 0.04296875
1 0.665625 0.51875 0.115625 0.14453125
7 0.61875 0.3984375 0.01953125 0.05078125
7 0.62109375 0.40234375 0.015625 0.0390625
7 0.67890625 0.39375 0.015625 0.040625
7 0.68125 0.4 0.015625 0.040625
7 0.69140625 0.29375 0.0171875 0.04296875
7 0.69375 0.2984375 0.01953125 0.0484375
1 0.74921875 0.503125 0.0625 0.109375
1 0.74140625 0.5046875 0.046875 0.1109375
7 0.7296875 0.42890625 0.01171875 0.0296875
1 0.79765625 0.52265625 0.09375 0.1109375
1 0.7921875 0.51953125 0.0640625 0.125
7 0.81640625 0.38984375 0.015625 0.04296875
7 0.81875 0.3953125 0.01953125 0.053125
1 0.91015625 0.534375 0.17578125 0.171875
1 0.91015625 0.53203125 0.1734375 0.1578125
7 0.8953125 0.35078125 0.0234375 0.05859375
7 0.89765625 0.3515625 0.015625 0.046875
3 0.9921875 0.5109375 0.0140625 0.078125