2 0.06171875 0.50859375 0.1234375 0.11875
1 0.09453125 0.5796875 0.1265625 0.178125
1 0.2890625 0.59296875 0.31875 0.415625
4 0.31640625 0.33125 0.01953125 0.0625
7 0.41328125 0.32734375 0.0234375 0.0546875
7 0.415625 0.3359375 0.0171875 0.0546875
7 0.4921875 0.32890625 0.025 0.06640625
7 0.49296875 0.328125 0.0171875 0.046875
1 0.521875 0.51953125 0.05078125 0.06640625
1 0.525 0.53203125 0.04296875 0.0765625
1 0.63125 0.54296875 0.046875 0.1171875
1 0.79765625 0.63125 0.375 0.3609375
7 0.67890625 0.42265625 0.01953125 0.0546875
1 0.9421875 0.51953125 0.0796875 0.0609375
7 0.9328125 0.25703125 0.05625 0.16015625
3 0.96015625 0.5234375 0.02734375 0.06640625