5 0.9875 0.3765625 0.0234375 0.0796875
1 0.2703125 0.5359375 0.0328125 0.0328125
2 0.0734375 0.53125 0.06640625 0.05078125
1 0.1453125 0.53984375 0.046875 0.04296875
1 0.20703125 0.54765625 0.0875 0.05625
1 0.2140625 0.5375 0.0296875 0.0375
4 0.2140625 0.30859375 0.02734375 0.0859375
4 0.3109375 0.228125 0.021875 0.0859375
1 0.31953125 0.53203125 0.0296875 0.040625
1 0.39765625 0.6 0.171875 0.2265625
4 0.3953125 0.40625 0.01171875 0.0375
5 0.39765625 0.4125 0.0171875 0.04296875
5 0.43828125 0.4359375 0.0171875 0.03125
4 0.440625 0.44375 0.0140625 0.0390625
1 0.4953125 0.5359375 0.03515625 0.06875
1 0.5296875 0.54296875 0.0609375 0.0859375
5 0.5390625 0.39453125 0.0171875 0.0453125
5 0.53984375 0.3921875 0.009375 0.0390625
1 0.58671875 0.5578125 0.0796875 0.12890625
1 0.74609375 0.57734375 0.2796875 0.32421875
1 0.9390625 0.5515625 0.1078125 0.06640625
4 0.96484375 0.321875 0.01953125 0.040625