1 0.1421875 0.59375 0.25 0.234375
1 0.4109375 0.54765625 0.084375 0.1078125
5 0.4 0.425 0.01171875 0.0234375
5 0.4015625 0.428125 0.009375 0.03125
5 0.44453125 0.43125 0.009375 0.02734375
5 0.44453125 0.43125 0.009375 0.0234375
5 0.48828125 0.48046875 0.01171875 0.0296875
5 0.4984375 0.46796875 0.009375 0.03515625
5 0.4984375 0.46875 0.009375 0.0328125
3 0.5140625 0.5328125 0.01171875 0.0625
3 0.5125 0.5359375 0.009375 0.0640625
3 0.52265625 0.53203125 0.01171875 0.0640625
3 0.5265625 0.53203125 0.009375 0.0640625
3 0.5375 0.53125 0.01171875 0.06640625
3 0.5375 0.5296875 0.01171875 0.05859375
3 0.5484375 0.525 0.0140625 0.0625
3 0.55078125 0.5265625 0.01171875 0.06640625