3 0.5890625 0.48828125 0.009375 0.04296875
1 0.1765625 0.50859375 0.07421875 0.078125
4 0.15703125 0.2625 0.0234375 0.0625
1 0.22734375 0.503125 0.0484375 0.078125
1 0.2921875 0.525 0.115625 0.13671875
5 0.2828125 0.2375 0.02734375 0.06875
5 0.2859375 0.23125 0.0296875 0.078125
5 0.38671875 0.24140625 0.01953125 0.06875
1 0.45625 0.490625 0.03125 0.040625
1 0.49375 0.50390625 0.0609375 0.078125
5 0.640625 0.3734375 0.01953125 0.04296875
1 0.7421875 0.496875 0.071875 0.084375
1 0.81875 0.4921875 0.13125 0.0921875
5 0.7796875 0.21875 0.046875 0.1234375
1 0.9265625 0.496875 0.1421875 0.103125