3 0.8609375 0.46796875 0.0296875 0.1078125
3 0.0484375 0.6046875 0.096875 0.49375
4 0.01640625 0.33984375 0.0328125 0.06640625
1 0.2234375 0.546875 0.071875 0.0875
3 0.2328125 0.5484375 0.07421875 0.11875
3 0.24140625 0.546875 0.040625 0.11328125
3 0.328125 0.6359375 0.20703125 0.571875
3 0.2703125 0.53984375 0.0875 0.13671875
3 0.28125 0.53984375 0.08984375 0.13125
1 0.4046875 0.51640625 0.040625 0.0546875
4 0.5203125 0.30625 0.0375 0.084375
1 0.5671875 0.53125 0.0953125 0.1703125
1 0.771875 0.5328125 0.3921875 0.23046875