7 0.08203125 0.078125 0.1640625 0.15625
1 0.0828125 0.5171875 0.0546875 0.0453125
1 0.1765625 0.503125 0.1015625 0.0625
1 0.259375 0.49140625 0.09375 0.0640625
1 0.3359375 0.521875 0.084375 0.07421875
1 0.4421875 0.4921875 0.0609375 0.0625
1 0.47734375 0.49609375 0.025 0.0453125
4 0.56875 0.36015625 0.0234375 0.0625
1 0.5734375 0.4890625 0.025 0.0484375
1 0.5765625 0.48515625 0.025 0.040625
1 0.59296875 0.4953125 0.040625 0.046875
1 0.6015625 0.4921875 0.0390625 0.05078125
1 0.621875 0.49296875 0.0234375 0.0328125
1 0.628125 0.490625 0.0171875 0.05625
1 0.6578125 0.49296875 0.0546875 0.06640625
1 0.66015625 0.496875 0.05078125 0.06640625
4 0.65234375 0.35625 0.015625 0.04296875
1 0.7203125 0.509375 0.0796875 0.103125
5 0.72578125 0.415625 0.0171875 0.0484375
9 0.80078125 0.07734375 0.05078125 0.1171875
4 0.8 0.075 0.02734375 0.09375
1 0.85546875 0.509375 0.07421875 0.11328125
3 0.90234375 0.4828125 0.0234375 0.078125
3 0.98359375 0.49375 0.025 0.13125