1 0.0890625 0.5484375 0.178125 0.15234375
1 0.09765625 0.54609375 0.1625 0.1546875
3 0.1859375 0.5515625 0.0453125 0.15
1 0.2140625 0.54375 0.03125 0.05859375
1 0.2203125 0.546875 0.03515625 0.07421875
1 0.24609375 0.5359375 0.0375 0.06875
1 0.32734375 0.525 0.05859375 0.0875
1 0.440625 0.51875 0.053125 0.05625
1 0.5171875 0.5375 0.0609375 0.178125
1 0.628125 0.5765625 0.1796875 0.2015625
1 0.878125 0.48125 0.178125 0.109375
1 0.840625 0.484375 0.09375 0.1078125
1 0.93046875 0.48515625 0.12890625 0.1109375