1 0.6046875 0.53125 0.12109375 0.0859375
2 0.0578125 0.51640625 0.11328125 0.11328125
1 0.090625 0.5828125 0.1265625 0.1796875
1 0.2921875 0.5953125 0.3140625 0.421875
4 0.31640625 0.334375 0.01953125 0.05859375
7 0.4140625 0.3265625 0.025 0.0546875
7 0.415625 0.3375 0.0171875 0.0546875
1 0.496875 0.5125 0.040625 0.03125
7 0.4921875 0.32890625 0.025 0.06875
1 0.5 0.51953125 0.03515625 0.0453125
7 0.49296875 0.328125 0.0171875 0.046875
2 0.521875 0.50390625 0.0296875 0.04296875
1 0.6296875 0.54296875 0.046875 0.1171875
1 0.79765625 0.628125 0.375 0.359375
7 0.67890625 0.42578125 0.01953125 0.0546875
1 0.9421875 0.51953125 0.0796875 0.0609375
7 0.934375 0.2578125 0.0546875 0.15625
3 0.959375 0.5234375 0.02734375 0.06640625