1 0.0265625 0.665625 0.053125 0.115625
1 0.0265625 0.66328125 0.053125 0.103125
1 0.06640625 0.65625 0.0453125 0.0703125
1 0.06875 0.65625 0.0453125 0.0859375
1 0.14375 0.6578125 0.0796875 0.0703125
1 0.19453125 0.653125 0.04296875 0.06640625
1 0.19609375 0.65 0.0296875 0.0625
1 0.5296875 0.6421875 0.03515625 0.05078125
1 0.53046875 0.6453125 0.03515625 0.0546875
1 0.55546875 0.6484375 0.0234375 0.06640625
1 0.58515625 0.6578125 0.05859375 0.0703125
1 0.58984375 0.65703125 0.0640625 0.0859375
1 0.66328125 0.67265625 0.11328125 0.10546875
1 0.78046875 0.67890625 0.103125 0.1109375
1 0.88984375 0.6828125 0.1171875 0.09765625
1 0.975 0.6875 0.0484375 0.0875