1 0.015625 0.5765625 0.0296875 0.1578125
1 0.06875 0.584375 0.1078125 0.1171875
1 0.953125 0.746875 0.0921875 0.34375
1 0.13984375 0.56171875 0.05859375 0.08984375
1 0.146875 0.57109375 0.05078125 0.1
1 0.1828125 0.5578125 0.053125 0.08203125
1 0.1921875 0.5546875 0.046875 0.0765625
1 0.22265625 0.55078125 0.046875 0.06875
1 0.2328125 0.54765625 0.0390625 0.0765625
1 0.36640625 0.5328125 0.04296875 0.053125
1 0.4140625 0.528125 0.0375 0.053125
1 0.5609375 0.5375 0.046875 0.11328125
1 0.609375 0.54609375 0.05859375 0.12890625
1 0.70703125 0.58203125 0.1703125 0.1734375