1 0.0546875 0.590625 0.08984375 0.1015625
1 0.15234375 0.58984375 0.1265625 0.14453125
3 0.23046875 0.5671875 0.078125 0.19921875
3 0.2359375 0.5734375 0.04296875 0.1640625
1 0.2375 0.559375 0.0453125 0.103125
1 0.2625 0.5546875 0.015625 0.04296875
1 0.28828125 0.546875 0.01953125 0.0375
1 0.3453125 0.534375 0.0328125 0.04296875
1 0.34296875 0.5375 0.0234375 0.0375
1 0.4140625 0.534375 0.02734375 0.05859375
1 0.47265625 0.54609375 0.0875 0.1234375
3 0.7828125 0.43359375 0.02734375 0.01953125
3 0.7875 0.434375 0.021875 0.02734375