1 0.12109375 0.503125 0.05859375 0.0609375
1 0.1234375 0.503125 0.053125 0.05625
1 0.1890625 0.49921875 0.0390625 0.040625
1 0.33203125 0.521875 0.12890625 0.1703125
5 0.40234375 0.37890625 0.015625 0.040625
5 0.4046875 0.38359375 0.015625 0.0296875
5 0.440625 0.39375 0.0140625 0.02734375
5 0.44140625 0.3859375 0.0140625 0.03125
5 0.53046875 0.428125 0.01953125 0.0453125
5 0.5265625 0.44375 0.01171875 0.01953125
5 0.53515625 0.4296875 0.01171875 0.0234375
1 0.615625 0.51171875 0.1109375 0.109375
1 0.8515625 0.46015625 0.11328125 0.053125
1 0.86796875 0.475 0.11875 0.0703125