1 0.03203125 0.5484375 0.0640625 0.10546875
1 0.1578125 0.51953125 0.09765625 0.1109375
1 0.16796875 0.51640625 0.078125 0.0796875
1 0.2078125 0.51953125 0.04296875 0.07421875
1 0.22265625 0.51953125 0.046875 0.06640625
1 0.271875 0.51484375 0.0484375 0.0546875
1 0.3453125 0.4921875 0.02734375 0.03515625
1 0.353125 0.5 0.02734375 0.03125
1 0.36640625 0.4984375 0.015625 0.03125
1 0.434375 0.49140625 0.0234375 0.0375
1 0.46953125 0.4859375 0.0234375 0.03125
1 0.4984375 0.49140625 0.01953125 0.02734375
1 0.51875 0.50078125 0.0296875 0.0390625