7 0.08203125 0.078125 0.1640625 0.15625
1 0.0921875 0.5234375 0.18359375 0.1640625
1 0.1046875 0.51640625 0.16015625 0.140625
1 0.20625 0.496875 0.040625 0.0875
1 0.3328125 0.49140625 0.0390625 0.05078125
1 0.38984375 0.5109375 0.05859375 0.0625
1 0.44140625 0.4984375 0.025 0.0390625
1 0.48046875 0.4921875 0.0390625 0.0453125
4 0.565625 0.365625 0.0234375 0.06640625
1 0.590625 0.48359375 0.0328125 0.053125
1 0.5921875 0.48515625 0.02734375 0.05625
1 0.628125 0.4890625 0.0484375 0.0546875
1 0.62578125 0.490625 0.040625 0.046875
1 0.65 0.4890625 0.03515625 0.03515625
1 0.65 0.5 0.0171875 0.05625
4 0.65234375 0.35546875 0.015625 0.040625
1 0.69609375 0.5015625 0.0640625 0.09375
1 0.7 0.50625 0.06875 0.0859375
5 0.72578125 0.41484375 0.0171875 0.05078125
1 0.778125 0.51875 0.1109375 0.140625
9 0.80078125 0.07734375 0.05078125 0.1171875
4 0.8 0.075 0.02734375 0.09375
1 0.8625 0.5140625 0.07421875 0.11328125
3 0.8875 0.4828125 0.0234375 0.078125
3 0.98046875 0.4875 0.0296875 0.0953125
3 0.98125 0.49375 0.025 0.13125