1 0.01484375 0.61015625 0.0296875 0.4375
1 0.01484375 0.609375 0.0296875 0.3140625
8 0.096875 0.22265625 0.0234375 0.071875
8 0.096875 0.21953125 0.01953125 0.05078125
1 0.16484375 0.5203125 0.040625 0.05859375
1 0.240625 0.53125 0.040625 0.053125
1 0.24140625 0.53125 0.0375 0.0546875
5 0.2453125 0.246875 0.0234375 0.0765625
5 0.2453125 0.26484375 0.01953125 0.0453125
1 0.2828125 0.528125 0.02734375 0.0703125
1 0.3140625 0.53203125 0.0296875 0.07421875
1 0.31875 0.528125 0.03515625 0.0765625
1 0.3578125 0.534375 0.071875 0.071875
5 0.4578125 0.4171875 0.0171875 0.05625
5 0.4578125 0.42265625 0.01953125 0.0390625