2 0.12890625 0.47734375 0.0796875 0.071875
2 0.14453125 0.48515625 0.05859375 0.0484375
1 0.25390625 0.49140625 0.04296875 0.0484375
1 0.25859375 0.490625 0.03125 0.0390625
1 0.29609375 0.4921875 0.0328125 0.040625
1 0.29765625 0.48828125 0.0328125 0.04296875
1 0.33984375 0.49140625 0.0296875 0.040625
1 0.4125 0.48828125 0.0296875 0.05078125
1 0.4875 0.51484375 0.0796875 0.1078125
5 0.4625 0.4140625 0.01171875 0.03515625
5 0.4953125 0.41484375 0.015625 0.0328125
5 0.565625 0.453125 0.0140625 0.0296875
1 0.5828125 0.4890625 0.0296875 0.071875
5 0.584375 0.4484375 0.0140625 0.0296875
1 0.6375 0.48515625 0.1015625 0.1328125
2 0.6265625 0.49140625 0.0765625 0.11875
3 0.70625 0.49921875 0.0234375 0.0921875
1 0.9 0.50859375 0.1234375 0.1015625
1 0.9015625 0.5046875 0.1234375 0.0796875