1 0.03984375 0.4265625 0.0796875 0.0796875
1 0.096875 0.434375 0.04296875 0.084375
1 0.1296875 0.43125 0.0484375 0.08984375
1 0.1703125 0.459375 0.0859375 0.0875
1 0.190625 0.45703125 0.05078125 0.0625
1 0.28515625 0.44375 0.0609375 0.0625
1 0.28515625 0.45234375 0.0484375 0.0609375
7 0.425 0.4171875 0.01171875 0.0234375
1 0.4890625 0.496875 0.1078125 0.1703125
9 0.49921875 0.39140625 0.009375 0.0296875
1 0.62890625 0.48046875 0.05078125 0.05078125
1 0.6796875 0.50390625 0.0703125 0.08203125
1 0.7234375 0.49140625 0.0375 0.0484375
1 0.7859375 0.496875 0.0640625 0.0703125
1 0.78984375 0.50390625 0.05625 0.05859375
1 0.85546875 0.50390625 0.053125 0.0625
1 0.90234375 0.51171875 0.04296875 0.04296875
1 0.9515625 0.559375 0.0921875 0.14453125
1 0.953125 0.56171875 0.08984375 0.13671875