1 0.03828125 0.63203125 0.0765625 0.31875
7 0.125 0.4078125 0.01953125 0.0375
7 0.16875 0.4171875 0.01953125 0.0328125
1 0.21015625 0.5 0.0453125 0.040625
7 0.2203125 0.453125 0.01171875 0.03125
1 0.24375 0.48828125 0.0484375 0.05625
1 0.290625 0.49375 0.0484375 0.053125
1 0.3296875 0.49140625 0.0328125 0.05078125
1 0.35546875 0.49140625 0.0296875 0.04296875
1 0.38125 0.48828125 0.0296875 0.05625
1 0.42265625 0.48515625 0.0609375 0.078125
1 0.47578125 0.4953125 0.0484375 0.0640625
1 0.50859375 0.49296875 0.0328125 0.0640625
1 0.5390625 0.4953125 0.0484375 0.0609375
1 0.5421875 0.49921875 0.0453125 0.0625
1 0.5828125 0.5015625 0.0484375 0.07421875
1 0.6453125 0.49921875 0.09375 0.1