8 0.1 0.43125 0.0234375 0.06640625
1 0.23828125 0.53203125 0.05625 0.0453125
1 0.275 0.54375 0.084375 0.078125
1 0.28046875 0.53828125 0.084375 0.0796875
1 0.41328125 0.52734375 0.05078125 0.05859375
1 0.446875 0.52421875 0.04296875 0.0546875
1 0.45 0.521875 0.03515625 0.053125
7 0.4578125 0.3015625 0.0171875 0.046875
8 0.46015625 0.30078125 0.0140625 0.040625
1 0.52265625 0.5015625 0.06875 0.11875
2 0.525 0.5015625 0.0640625 0.1265625
1 0.5609375 0.51484375 0.03515625 0.05625
5 0.55859375 0.29375 0.01953125 0.05859375
5 0.5578125 0.29609375 0.0140625 0.05859375
1 0.64921875 0.50859375 0.0375 0.0453125
0 0.66328125 0.5171875 0.0171875 0.0640625
5 0.70625 0.42265625 0.021875 0.071875
5 0.71015625 0.4140625 0.01171875 0.0390625
1 0.821875 0.51953125 0.14453125 0.078125