1 0.05 0.5921875 0.09765625 0.2171875
1 0.26640625 0.5421875 0.05625 0.06640625
1 0.265625 0.5453125 0.0546875 0.0625
1 0.32109375 0.5265625 0.0296875 0.0390625
1 0.3234375 0.525 0.03125 0.0390625
1 0.425 0.51171875 0.0375 0.046875
1 0.4265625 0.50703125 0.0328125 0.0390625
0 0.459375 0.51875 0.021875 0.0609375
0 0.459375 0.51953125 0.0140625 0.0625
1 0.53046875 0.51640625 0.04296875 0.046875
1 0.61875 0.5 0.09375 0.0609375
1 0.709375 0.50625 0.13125 0.1015625
1 0.7390625 0.50625 0.09765625 0.0953125
1 0.8328125 0.48515625 0.0875 0.0625