1 0.30390625 0.528125 0.0375 0.0453125
1 0.2828125 0.5375 0.0375 0.05078125
1 0.24140625 0.53984375 0.0640625 0.0625
1 0.18046875 0.55625 0.08203125 0.08984375
4 0.01640625 0.35859375 0.0296875 0.0953125
3 0.0890625 0.52734375 0.01171875 0.0546875
3 0.20390625 0.5390625 0.0296875 0.12890625
3 0.43671875 0.51640625 0.01171875 0.0375
1 0.5046875 0.525 0.05625 0.09375
4 0.5203125 0.3234375 0.03515625 0.1
3 0.5890625 0.51953125 0.0375 0.09375
3 0.63359375 0.503125 0.02734375 0.11875
3 0.66328125 0.51171875 0.04296875 0.11328125
3 0.6578125 0.51484375 0.0234375 0.0953125
3 0.68828125 0.5 0.05078125 0.1328125
3 0.68359375 0.50859375 0.02734375 0.1109375
3 0.86015625 0.48046875 0.03515625 0.146875
1 0.9234375 0.521875 0.1484375 0.1234375