1 0.03125 0.52734375 0.0625 0.0546875
1 0.80390625 0.64765625 0.3921875 0.3828125
4 0.06953125 0.25859375 0.01953125 0.06875
1 0.17265625 0.52265625 0.04296875 0.03515625
1 0.2171875 0.51953125 0.0703125 0.0484375
1 0.2203125 0.528125 0.05859375 0.07421875
1 0.34453125 0.59375 0.24375 0.2578125
4 0.2578125 0.359375 0.01953125 0.0546875
4 0.32734375 0.3015625 0.01953125 0.053125
5 0.3765625 0.4125 0.009375 0.0296875
5 0.41015625 0.440625 0.0140625 0.0328125
1 0.44609375 0.50703125 0.025 0.046875
1 0.44921875 0.51484375 0.02734375 0.04296875
1 0.4921875 0.51953125 0.02734375 0.040625
5 0.50078125 0.39765625 0.01953125 0.0390625
1 0.575 0.528125 0.06875 0.07421875
5 0.7875 0.40703125 0.0171875 0.05078125
4 0.815625 0.35546875 0.0171875 0.04296875