4 0.08203125 0.078125 0.1640625 0.15625
1 0.0828125 0.5171875 0.0546875 0.0453125
1 0.0875 0.525 0.0375 0.053125
1 0.09375 0.49921875 0.040625 0.03125
1 0.17109375 0.503125 0.1015625 0.0625
1 0.271875 0.5203125 0.1015625 0.0859375
1 0.3453125 0.5171875 0.071875 0.07421875
1 0.415625 0.49375 0.02734375 0.03515625
1 0.4203125 0.5 0.03515625 0.0390625
1 0.44140625 0.50078125 0.025 0.0484375
1 0.475 0.49609375 0.0328125 0.040625
1 0.53828125 0.4921875 0.01953125 0.0546875
1 0.55859375 0.496875 0.0171875 0.0453125
4 0.56875 0.36015625 0.0234375 0.0625
1 0.5828125 0.49609375 0.0390625 0.0640625
4 0.65234375 0.35625 0.015625 0.04296875
5 0.72578125 0.41796875 0.0171875 0.05078125
7 0.80078125 0.07734375 0.05078125 0.1171875
4 0.8 0.075 0.02734375 0.09375
1 0.85 0.48828125 0.071875 0.04296875
1 0.86640625 0.509375 0.07421875 0.11328125
3 0.9859375 0.4953125 0.0234375 0.1