1 0.04609375 0.56328125 0.0921875 0.1421875
1 0.0421875 0.55859375 0.08203125 0.11328125
3 0.05078125 0.5609375 0.0234375 0.1109375
1 0.146875 0.55625 0.084375 0.084375
1 0.1484375 0.55390625 0.071875 0.06640625
1 0.20234375 0.54765625 0.03515625 0.05078125
1 0.3453125 0.5984375 0.1875 0.24609375
1 0.621875 0.56171875 0.071875 0.140625
1 0.615625 0.5578125 0.053125 0.1078125
1 0.684375 0.55390625 0.1015625 0.2359375
1 0.6703125 0.54609375 0.05078125 0.171875
1 0.73359375 0.6171875 0.071875 0.178125
1 0.8734375 0.5890625 0.2484375 0.5078125
1 0.878125 0.59296875 0.240625 0.475