1 0.88203125 0.54765625 0.234375 0.27734375
1 0.11875 0.540625 0.1640625 0.14453125
1 0.2421875 0.5140625 0.0953125 0.103125
1 0.28828125 0.4859375 0.07421875 0.1171875
1 0.34453125 0.48046875 0.0609375 0.07421875
1 0.34765625 0.48046875 0.0625 0.07421875
1 0.384375 0.48359375 0.040625 0.0703125
1 0.58203125 0.49375 0.053125 0.06875
1 0.60234375 0.50390625 0.0375 0.078125
1 0.6390625 0.50625 0.0640625 0.115625
1 0.665625 0.52265625 0.05625 0.1078125
1 0.73359375 0.54375 0.09765625 0.13125
1 0.73515625 0.54296875 0.0953125 0.11875