1 0.1109375 0.58984375 0.115625 0.14453125
1 0.18359375 0.57734375 0.05859375 0.09765625
1 0.18828125 0.5796875 0.04296875 0.09375
1 0.2328125 0.5640625 0.05625 0.071875
1 0.23046875 0.5671875 0.0484375 0.05859375
1 0.2671875 0.55390625 0.053125 0.0796875
1 0.2703125 0.55078125 0.03515625 0.0546875
1 0.60859375 0.50859375 0.053125 0.0484375
1 0.60859375 0.50859375 0.046875 0.0375
1 0.68046875 0.496875 0.0453125 0.0375
1 0.68359375 0.4921875 0.0484375 0.04296875
1 0.7625 0.48046875 0.03515625 0.0296875