1 0.071875 0.50859375 0.14375 0.0953125
8 0.28828125 0.42109375 0.0140625 0.040625
8 0.2921875 0.425 0.015625 0.046875
3 0.30625 0.49140625 0.021875 0.05625
1 0.371875 0.478125 0.0609375 0.0703125
1 0.4171875 0.48359375 0.0390625 0.053125
1 0.4234375 0.49296875 0.0453125 0.04296875
1 0.428125 0.4953125 0.05078125 0.046875
2 0.48515625 0.46015625 0.0703125 0.11875
1 0.48515625 0.459375 0.06875 0.115625
3 0.553125 0.50390625 0.0546875 0.15234375
8 0.5796875 0.34296875 0.0171875 0.0546875
3 0.603125 0.50859375 0.0375 0.146875
3 0.6328125 0.509375 0.0375 0.16015625
7 0.63359375 0.34375 0.01953125 0.05078125
1 0.7421875 0.49140625 0.0953125 0.05625
7 0.7375 0.4140625 0.0171875 0.0546875
7 0.815625 0.275 0.040625 0.08984375
7 0.81328125 0.275 0.0296875 0.12109375
3 0.85546875 0.5171875 0.0390625 0.13125
1 0.90234375 0.4984375 0.09375 0.053125