1 0.1015625 0.5359375 0.19375 0.1578125
3 0.0234375 0.525 0.021875 0.06875
1 0.221875 0.515625 0.078125 0.1015625
1 0.28046875 0.5046875 0.071875 0.05625
1 0.284375 0.503125 0.06640625 0.040625
1 0.315625 0.50390625 0.0453125 0.05859375
1 0.31953125 0.503125 0.0375 0.04296875
1 0.33671875 0.496875 0.025 0.0453125
1 0.3640625 0.4953125 0.0296875 0.040625
1 0.41328125 0.49296875 0.046875 0.07421875
1 0.41328125 0.4953125 0.03515625 0.05078125
1 0.45234375 0.503125 0.06640625 0.06875
1 0.4984375 0.496875 0.03125 0.0484375
1 0.59453125 0.49609375 0.140625 0.1234375
1 0.603125 0.50078125 0.1546875 0.12890625
1 0.65546875 0.52421875 0.19921875 0.134375