1 0.065625 0.5609375 0.13125 0.0875
2 0.06328125 0.57109375 0.1265625 0.0875
3 0.040625 0.5875 0.0234375 0.071875
1 0.13671875 0.5609375 0.071875 0.0859375
2 0.13671875 0.5625 0.071875 0.08203125
4 0.1265625 0.440625 0.021875 0.06640625
2 0.19609375 0.559375 0.0625 0.0390625
1 0.196875 0.58203125 0.0625 0.053125
1 0.2984375 0.584375 0.07421875 0.078125
1 0.33125 0.57734375 0.03515625 0.0640625
1 0.490625 0.575 0.0296875 0.06640625
1 0.5171875 0.5765625 0.05859375 0.06875
4 0.59453125 0.4046875 0.02734375 0.08203125
7 0.82890625 0.45703125 0.025 0.040625
1 0.9546875 0.575 0.078125 0.11328125
1 0.959375 0.57109375 0.0796875 0.1234375