1 0.13203125 0.453125 0.05078125 0.0703125
1 0.12578125 0.46484375 0.03515625 0.0375
1 0.1734375 0.459375 0.02734375 0.03125
1 0.1765625 0.459375 0.0296875 0.0296875
1 0.21171875 0.46875 0.0375 0.04296875
1 0.2125 0.46953125 0.0390625 0.0375
1 0.2625 0.4640625 0.04296875 0.0453125
1 0.26640625 0.465625 0.0328125 0.040625
1 0.3 0.4625 0.0234375 0.0453125
1 0.303125 0.4625 0.0296875 0.0390625
8 0.44140625 0.35 0.01953125 0.0453125
1 0.5046875 0.48515625 0.053125 0.05078125
7 0.509375 0.35 0.0140625 0.0390625
7 0.51640625 0.34453125 0.025 0.0328125
1 0.6015625 0.48515625 0.078125 0.071875
7 0.584375 0.36875 0.01953125 0.0390625
7 0.58671875 0.375 0.01171875 0.0375
1 0.68359375 0.471875 0.0296875 0.02734375
7 0.7078125 0.37578125 0.0171875 0.03125
7 0.71015625 0.390625 0.0140625 0.0546875
0 0.85546875 0.4984375 0.0453125 0.06640625