1 0.13125 0.58203125 0.1859375 0.2015625
1 0.134375 0.590625 0.1796875 0.178125
7 0.0703125 0.4640625 0.0171875 0.040625
8 0.071875 0.47578125 0.01953125 0.0546875
1 0.23046875 0.5765625 0.07421875 0.12109375
1 0.246875 0.58203125 0.05625 0.1328125
1 0.3328125 0.55625 0.02734375 0.05078125
7 0.334375 0.365625 0.021875 0.046875
8 0.3359375 0.3671875 0.015625 0.0484375
5 0.4171875 0.3734375 0.01953125 0.0296875
5 0.4203125 0.36640625 0.021875 0.0484375
5 0.54765625 0.45 0.0234375 0.05078125
5 0.5484375 0.4546875 0.0140625 0.0328125
1 0.65703125 0.5265625 0.01953125 0.05625
1 0.7140625 0.51953125 0.11875 0.07421875
1 0.71875 0.521875 0.11875 0.0703125
5 0.6828125 0.36875 0.02734375 0.0875
5 0.6828125 0.38984375 0.025 0.0390625
1 0.7875 0.51875 0.04296875 0.0625
1 0.796875 0.51484375 0.04296875 0.0703125
1 0.86328125 0.51484375 0.071875 0.0625
1 0.88359375 0.50625 0.1109375 0.05078125