1 0.03046875 0.509375 0.0609375 0.05625
1 0.1984375 0.50078125 0.03125 0.0765625
1 0.20390625 0.5078125 0.025 0.05859375
1 0.28515625 0.5125 0.1734375 0.19921875
1 0.39140625 0.5125 0.0609375 0.08203125
1 0.39375 0.509375 0.05625 0.0875
5 0.4375 0.3671875 0.0140625 0.03515625
6 0.43671875 0.36640625 0.01171875 0.03125
5 0.50078125 0.3515625 0.0171875 0.05078125
5 0.50078125 0.3546875 0.01171875 0.03515625
4 0.60078125 0.41796875 0.015625 0.0390625
5 0.60234375 0.42109375 0.01953125 0.0390625
5 0.8265625 0.30546875 0.03125 0.0859375
4 0.8296875 0.31328125 0.0296875 0.07421875