3 0.946875 0.559375 0.04296875 0.1625
0 0.915625 0.559375 0.0640625 0.21484375
1 0.065625 0.57734375 0.1 0.0953125
1 0.1546875 0.57734375 0.084375 0.08203125
2 0.21015625 0.525 0.0859375 0.1234375
4 0.21171875 0.221875 0.0296875 0.08984375
6 0.209375 0.21875 0.025 0.0796875
1 0.259375 0.56640625 0.0171875 0.04296875
1 0.3203125 0.5640625 0.0640625 0.0875
4 0.3625 0.23046875 0.0296875 0.0875
5 0.36328125 0.2328125 0.025 0.0859375
1 0.39921875 0.57421875 0.08984375 0.11875
3 0.47578125 0.54609375 0.025 0.0765625
3 0.475 0.54609375 0.0171875 0.0546875
3 0.571875 0.5328125 0.0140625 0.05078125
4 0.59453125 0.39921875 0.0234375 0.0859375
3 0.68828125 0.559375 0.025 0.11875
3 0.7203125 0.55390625 0.025 0.1265625
3 0.75078125 0.5515625 0.03125 0.13125
3 0.86328125 0.5546875 0.03125 0.1546875