0 0.3859375 0.48046875 0.0078125 0.03125
1 0.209375 0.47734375 0.05625 0.03515625
1 0.4125 0.478125 0.025 0.0375
1 0.434375 0.48046875 0.0140625 0.0296875
1 0.4578125 0.48046875 0.025 0.0375
7 0.490625 0.378125 0.0140625 0.03125
7 0.490625 0.378125 0.01171875 0.03125
7 0.53203125 0.38671875 0.0140625 0.0328125
7 0.53203125 0.38203125 0.01171875 0.0296875
7 0.5703125 0.38984375 0.015625 0.0328125
7 0.56953125 0.38984375 0.009375 0.0296875
7 0.64375 0.4328125 0.0171875 0.040625
7 0.6421875 0.42578125 0.009375 0.0296875
7 0.675 0.4171875 0.0140625 0.0390625
7 0.67578125 0.4140625 0.01171875 0.025
1 0.728125 0.48515625 0.0609375 0.0375