1 0.365625 0.54765625 0.13125 0.18359375
7 0.4234375 0.4796875 0.0140625 0.040625
1 0.43359375 0.55078125 0.0328125 0.11875
1 0.4578125 0.51484375 0.02734375 0.0390625
1 0.4890625 0.51875 0.0375 0.0390625
1 0.4921875 0.5171875 0.0234375 0.03515625
1 0.528125 0.51640625 0.0375 0.05625
5 0.5453125 0.38984375 0.0140625 0.04296875
5 0.54609375 0.39453125 0.009375 0.03515625
1 0.5765625 0.51875 0.025 0.0375
5 0.625 0.45234375 0.0140625 0.0375
5 0.62890625 0.46953125 0.01171875 0.0328125
5 0.7984375 0.40546875 0.015625 0.046875
5 0.79609375 0.421875 0.01171875 0.0328125
1 0.8703125 0.49296875 0.1015625 0.0609375
1 0.86875 0.5015625 0.09765625 0.05625
1 0.96015625 0.5 0.07421875 0.053125
1 0.9640625 0.496875 0.06875 0.0390625