1 0.04375 0.61875 0.0875 0.1625
1 0.1765625 0.59453125 0.1109375 0.11328125
1 0.18359375 0.5875 0.1015625 0.1078125
1 0.240625 0.57421875 0.040625 0.09765625
1 0.246875 0.5765625 0.03125 0.07421875
1 0.271875 0.56875 0.02734375 0.0703125
1 0.29765625 0.559375 0.0296875 0.05859375
1 0.38203125 0.58203125 0.09375 0.115625
1 0.49296875 0.5515625 0.025 0.0796875
1 0.5296875 0.5671875 0.0703125 0.125
1 0.528125 0.56171875 0.06875 0.1078125
4 0.559375 0.2796875 0.0375 0.125
3 0.646875 0.56640625 0.0375 0.09375
3 0.6625 0.53984375 0.040625 0.1078125
3 0.659375 0.5265625 0.01953125 0.0703125
3 0.696875 0.54375 0.0140625 0.07421875
3 0.846875 0.5375 0.03515625 0.19921875