1 0.04765625 0.5234375 0.0953125 0.11328125
7 0.0609375 0.4375 0.021875 0.040625
8 0.065625 0.459375 0.0171875 0.0484375
1 0.12890625 0.5203125 0.03515625 0.0453125
1 0.1734375 0.51484375 0.03515625 0.040625
1 0.21171875 0.503125 0.05078125 0.0546875
8 0.2140625 0.36640625 0.01953125 0.0546875
1 0.25625 0.5125 0.0296875 0.0875
1 0.43046875 0.5828125 0.35546875 0.5234375
7 0.58515625 0.36328125 0.0328125 0.0609375
1 0.6625 0.53046875 0.1171875 0.1078125
3 0.78984375 0.5265625 0.0703125 0.1890625
3 0.78125 0.5203125 0.03515625 0.14453125
1 0.92265625 0.653125 0.15234375 0.3109375