3 0.0578125 0.61015625 0.11328125 0.3578125
3 0.10234375 0.5375 0.0375 0.115625
3 0.109375 0.5390625 0.0234375 0.12109375
3 0.14375 0.59453125 0.078125 0.3578125
3 0.14140625 0.58203125 0.06875 0.3265625
1 0.18828125 0.5328125 0.05859375 0.07421875
1 0.190625 0.53203125 0.053125 0.0546875
3 0.25625 0.5859375 0.0453125 0.4609375
1 0.28515625 0.509375 0.0328125 0.05625
3 0.3375 0.60625 0.0859375 0.50625
1 0.47578125 0.51484375 0.19921875 0.12109375
3 0.45 0.5875 0.1265625 0.453125
3 0.425 0.58125 0.07421875 0.43125
7 0.540625 0.34765625 0.02734375 0.08203125
3 0.61328125 0.5890625 0.078125 0.4453125
3 0.74296875 0.57109375 0.08203125 0.48828125