2 0.06328125 0.48359375 0.1265625 0.18359375
1 0.1140625 0.5625 0.1078125 0.1109375
1 0.178125 0.4796875 0.12890625 0.12890625
1 0.28515625 0.62421875 0.29296875 0.34765625
1 0.38359375 0.496875 0.1578125 0.26171875
1 0.43359375 0.51953125 0.0765625 0.259375
1 0.509375 0.5390625 0.05859375 0.0859375
1 0.53125 0.5328125 0.0296875 0.109375
1 0.5734375 0.5265625 0.0859375 0.1640625
1 0.6546875 0.55625 0.17578125 0.18359375
2 0.7484375 0.4765625 0.1109375 0.196875
1 0.75390625 0.4828125 0.1078125 0.18125