1 0.13984375 0.49296875 0.0640625 0.08984375
1 0.1359375 0.49375 0.05859375 0.0625
8 0.21875 0.42265625 0.0234375 0.05625
1 0.41484375 0.4859375 0.07421875 0.09765625
4 0.4296875 0.3765625 0.015625 0.0375
1 0.459375 0.490625 0.0296875 0.0546875
1 0.4578125 0.48515625 0.025 0.0390625
1 0.50625 0.50078125 0.08203125 0.0875
7 0.49609375 0.34375 0.0140625 0.053125
1 0.58125 0.49296875 0.040625 0.084375
7 0.5890625 0.41796875 0.0140625 0.04296875
1 0.64921875 0.51171875 0.09765625 0.1234375
7 0.665625 0.4 0.0234375 0.05859375
7 0.665625 0.38984375 0.021875 0.0453125
1 0.85234375 0.528125 0.29296875 0.38671875