1 0.1234375 0.55390625 0.0796875 0.103125
3 0.16796875 0.54765625 0.0234375 0.146875
3 0.171875 0.54765625 0.0171875 0.13125
3 0.184375 0.53984375 0.0234375 0.15625
1 0.22734375 0.5484375 0.0796875 0.11875
3 0.309375 0.5375 0.0296875 0.13125
3 0.309375 0.5375 0.025 0.125
3 0.3140625 0.5375 0.025 0.1265625
3 0.36640625 0.53125 0.02734375 0.13125
3 0.38671875 0.52734375 0.025 0.134375
1 0.434375 0.5203125 0.0546875 0.0640625
3 0.43125 0.521875 0.0375 0.146875
3 0.52265625 0.509375 0.0171875 0.09375
3 0.52265625 0.50078125 0.015625 0.078125
4 0.58203125 0.3078125 0.02734375 0.0921875
3 0.89453125 0.48046875 0.03515625 0.1390625
3 0.8953125 0.478125 0.025 0.1421875
3 0.934375 0.48125 0.0328125 0.1421875
3 0.965625 0.48046875 0.0296875 0.1578125
3 0.9625 0.4765625 0.021875 0.140625
3 0.9921875 0.465625 0.0140625 0.1390625