1 0.0953125 0.5859375 0.190625 0.2125
1 0.2453125 0.55 0.071875 0.078125
1 0.2484375 0.54765625 0.05625 0.05625
1 0.28984375 0.5421875 0.025 0.0703125
1 0.31640625 0.5390625 0.0328125 0.0546875
1 0.3390625 0.5453125 0.040625 0.0640625
1 0.39375 0.55 0.11875 0.08984375
1 0.39921875 0.54296875 0.1015625 0.06875
2 0.3859375 0.503125 0.0328125 0.040625
1 0.46171875 0.521875 0.0484375 0.0640625
2 0.4609375 0.51875 0.03515625 0.0546875
1 0.51171875 0.528125 0.040625 0.05078125
1 0.62421875 0.56171875 0.1109375 0.1171875