3 0.05859375 0.55390625 0.025 0.1015625
3 0.0578125 0.5453125 0.0171875 0.0953125
1 0.1125 0.559375 0.09765625 0.103125
1 0.2046875 0.55390625 0.1109375 0.125
1 0.275 0.528125 0.0453125 0.109375
1 0.36015625 0.503125 0.046875 0.0296875
3 0.3890625 0.5078125 0.01953125 0.0546875
3 0.4046875 0.50703125 0.0140625 0.046875
1 0.4359375 0.50625 0.02734375 0.0625
1 0.49140625 0.51953125 0.0859375 0.1171875
3 0.66875 0.49140625 0.025 0.11328125
3 0.70234375 0.4921875 0.03515625 0.14453125
1 0.9515625 0.534375 0.0921875 0.12890625