1 0.109375 0.51171875 0.078125 0.07421875
1 0.1515625 0.515625 0.02734375 0.053125
1 0.24140625 0.50078125 0.0390625 0.071875
1 0.29765625 0.534375 0.13125 0.1390625
4 0.2421875 0.315625 0.0171875 0.0484375
5 0.3390625 0.2984375 0.01953125 0.0484375
5 0.3390625 0.30078125 0.01953125 0.0484375
5 0.41484375 0.30390625 0.0140625 0.05625
1 0.45703125 0.49296875 0.03125 0.040625
1 0.49921875 0.49921875 0.0609375 0.078125
5 0.61015625 0.39765625 0.01953125 0.04296875
5 0.66875 0.33515625 0.0296875 0.07421875
1 0.6921875 0.5 0.046875 0.0546875
1 0.73046875 0.496875 0.08984375 0.05625
1 0.80625 0.49140625 0.103125 0.0796875
1 0.88203125 0.48359375 0.084375 0.084375