3 0.4875 0.51875 0.0140625 0.071875
0 0.1015625 0.53828125 0.021875 0.0640625
0 0.1046875 0.5375 0.0234375 0.0640625
2 0.21796875 0.5046875 0.09765625 0.08984375
1 0.2375 0.5328125 0.0953125 0.040625
1 0.2390625 0.53125 0.0953125 0.05078125
1 0.321875 0.53203125 0.0640625 0.0765625
1 0.35625 0.52421875 0.01171875 0.03125
8 0.3796875 0.3515625 0.01171875 0.04296875
1 0.4109375 0.53515625 0.0640625 0.0796875
3 0.446875 0.51875 0.0140625 0.084375
3 0.45234375 0.52734375 0.0171875 0.071875
7 0.4546875 0.3703125 0.0140625 0.040625
7 0.45625 0.371875 0.0140625 0.0390625
2 0.571875 0.4765625 0.17578125 0.0796875
1 0.5328125 0.52265625 0.078125 0.1109375
1 0.5171875 0.51875 0.0375 0.103125
1 0.5734375 0.540625 0.09765625 0.10546875
7 0.55859375 0.4296875 0.0140625 0.0140625
7 0.55859375 0.43046875 0.01171875 0.01953125
7 0.66796875 0.36875 0.0140625 0.0390625
7 0.6703125 0.37109375 0.01171875 0.0484375
3 0.753125 0.50859375 0.02734375 0.09375
3 0.75390625 0.50703125 0.025 0.09375