1 0.04765625 0.4578125 0.0953125 0.0953125
1 0.03125 0.50859375 0.0625 0.078125
2 0.04296875 0.4671875 0.084375 0.109375
1 0.3234375 0.48359375 0.040625 0.04296875
1 0.325 0.4796875 0.0328125 0.0296875
1 0.365625 0.46953125 0.02734375 0.0390625
1 0.4203125 0.48046875 0.0234375 0.04296875
1 0.4203125 0.475 0.01953125 0.03515625
8 0.44375 0.39453125 0.01953125 0.0390625
7 0.44609375 0.39375 0.015625 0.0375
4 0.54296875 0.3359375 0.0171875 0.0390625
1 0.55390625 0.478125 0.02734375 0.046875
1 0.553125 0.48046875 0.0234375 0.03125
7 0.5828125 0.40546875 0.0140625 0.0375
9 0.584375 0.4046875 0.0140625 0.0453125
9 0.69609375 0.34296875 0.0234375 0.071875
7 0.69609375 0.353125 0.021875 0.06640625