1 0.0484375 0.5859375 0.0953125 0.103125
1 0.11015625 0.5625 0.0328125 0.05078125
1 0.15546875 0.55625 0.0625 0.0703125
1 0.21484375 0.5515625 0.053125 0.07421875
8 0.24140625 0.35859375 0.0140625 0.046875
1 0.24921875 0.55078125 0.0140625 0.0453125
5 0.34296875 0.3375 0.015625 0.0484375
1 0.4 0.55390625 0.0546875 0.0796875
5 0.42890625 0.34765625 0.015625 0.05078125
3 0.603125 0.5390625 0.04296875 0.0875
5 0.59453125 0.44609375 0.021875 0.05625
5 0.59375 0.43359375 0.0140625 0.05078125
0 0.60234375 0.53046875 0.015625 0.07421875
3 0.721875 0.534375 0.06875 0.12109375
0 0.72578125 0.52734375 0.01953125 0.1078125