1 0.1765625 0.49609375 0.0875 0.06875
1 0.275 0.5171875 0.1015625 0.0859375
1 0.4046875 0.4890625 0.04296875 0.05078125
1 0.40234375 0.49140625 0.0390625 0.05078125
1 0.45625 0.49609375 0.0375 0.0390625
2 0.54765625 0.475 0.0609375 0.071875
4 0.5703125 0.028125 0.025 0.05625
4 0.56640625 0.36015625 0.01171875 0.05078125
7 0.653125 0.35546875 0.0140625 0.0390625
7 0.7265625 0.40546875 0.015625 0.04296875
7 0.7296875 0.4078125 0.0140625 0.02734375
1 0.79296875 0.4796875 0.1171875 0.0625
7 0.8015625 0.0703125 0.0234375 0.08984375
0 0.96875 0.4921875 0.0296875 0.1015625
3 0.975 0.47734375 0.0296875 0.1546875
3 0.99140625 0.48125 0.01171875 0.084375