0 0.946875 0.5296875 0.103125 0.2875
8 0.09375 0.3421875 0.01953125 0.046875
1 0.1765625 0.53125 0.0375 0.04296875
1 0.1828125 0.53125 0.03515625 0.0390625
2 0.25703125 0.4953125 0.08203125 0.1546875
5 0.25078125 0.3625 0.0171875 0.0484375
1 0.4171875 0.5734375 0.11875 0.13125
5 0.37578125 0.4375 0.021875 0.05078125
3 0.5171875 0.54765625 0.021875 0.09765625
3 0.54765625 0.52734375 0.0171875 0.0859375
3 0.5578125 0.54375 0.01953125 0.0875
1 0.59765625 0.52734375 0.0796875 0.0453125
3 0.62578125 0.53515625 0.01953125 0.109375
5 0.6296875 0.33515625 0.0234375 0.0953125
1 0.69609375 0.51953125 0.1 0.05625