1 0.92265625 0.4703125 0.0546875 0.0453125
1 0.21015625 0.503125 0.0765625 0.053125
1 0.2171875 0.50703125 0.0640625 0.053125
1 0.33515625 0.50859375 0.12890625 0.1625
1 0.4171875 0.50390625 0.053125 0.06875
1 0.42109375 0.51484375 0.05625 0.0765625
5 0.44609375 0.3859375 0.01171875 0.03515625
6 0.446875 0.3921875 0.009375 0.0296875
5 0.5015625 0.3734375 0.0171875 0.05078125
5 0.503125 0.37890625 0.01171875 0.03125
4 0.5875 0.43125 0.0171875 0.0375
5 0.58984375 0.4421875 0.01953125 0.0390625
5 0.7203125 0.36875 0.01953125 0.0640625
4 0.721875 0.37109375 0.01953125 0.05078125