4 0.0640625 0.06640625 0.078125 0.1265625
1 0.2140625 0.51484375 0.0640625 0.0796875
1 0.22734375 0.5125 0.0796875 0.078125
1 0.2625 0.52421875 0.10546875 0.078125
1 0.334375 0.5109375 0.078125 0.0859375
1 0.4734375 0.49375 0.04296875 0.053125
1 0.475 0.4953125 0.02734375 0.0375
4 0.571875 0.0296875 0.0296875 0.0546875
7 0.565625 0.36328125 0.015625 0.04296875
7 0.653125 0.35859375 0.0171875 0.05078125
7 0.65234375 0.3578125 0.009375 0.0390625
7 0.728125 0.41875 0.0140625 0.0484375
7 0.80078125 0.0765625 0.0296875 0.0921875
1 0.82109375 0.490625 0.053125 0.04296875
1 0.85625 0.49140625 0.0796875 0.05625
1 0.92109375 0.4859375 0.103125 0.05625