1 0.18125 0.61640625 0.3625 0.6078125
8 0.346875 0.41015625 0.021875 0.040625
8 0.346875 0.43125 0.01953125 0.0703125
1 0.4109375 0.59375 0.09765625 0.2421875
7 0.47578125 0.35234375 0.025 0.0625
7 0.475 0.353125 0.015625 0.046875
1 0.509375 0.5359375 0.0546875 0.0625
1 0.5109375 0.5375 0.03125 0.040625
7 0.525 0.43125 0.0171875 0.0546875
7 0.70625 0.3109375 0.0328125 0.109375
3 0.7015625 0.5296875 0.01171875 0.071875
3 0.7421875 0.5234375 0.01953125 0.084375
3 0.74296875 0.5265625 0.0171875 0.0640625
1 0.86875 0.55390625 0.04296875 0.0703125
1 0.9265625 0.55078125 0.06640625 0.0859375
1 0.97578125 0.5359375 0.046875 0.115625