1 0.0515625 0.546875 0.103125 0.1109375
1 0.946875 0.57734375 0.103125 0.3125
1 0.8546875 0.55546875 0.240625 0.225
1 0.30546875 0.5140625 0.0546875 0.053125
1 0.30546875 0.5125 0.040625 0.0390625
1 0.3265625 0.5 0.046875 0.0609375
1 0.3328125 0.4953125 0.01953125 0.05078125
1 0.35078125 0.5046875 0.021875 0.0390625
1 0.4953125 0.49296875 0.0453125 0.07421875
1 0.58984375 0.5015625 0.0546875 0.084375
1 0.6203125 0.52421875 0.04296875 0.0859375
1 0.65546875 0.53125 0.04296875 0.1
1 0.70234375 0.5390625 0.0640625 0.1390625
1 0.71953125 0.5390625 0.0921875 0.125