0 0.678125 0.4953125 0.01171875 0.0328125
4 0.07109375 0.08515625 0.109375 0.15625
1 0.209375 0.51640625 0.1390625 0.11328125
2 0.334375 0.4796875 0.103125 0.08203125
1 0.3765625 0.5078125 0.06875 0.0640625
1 0.38125 0.5015625 0.05625 0.0609375
1 0.43828125 0.49375 0.0375 0.040625
1 0.48359375 0.496875 0.03515625 0.0390625
1 0.48125 0.5 0.0234375 0.0328125
4 0.5703125 0.0296875 0.025 0.05625
4 0.56640625 0.36015625 0.0140625 0.05078125
4 0.65234375 0.35546875 0.015625 0.040625
1 0.7671875 0.4984375 0.1015625 0.1171875
5 0.72578125 0.41328125 0.015625 0.046875
4 0.80078125 0.07421875 0.025 0.0921875
1 0.8453125 0.50703125 0.08203125 0.109375
1 0.91875 0.5140625 0.14453125 0.165625