3 0.9171875 0.53046875 0.1078125 0.18125
1 0.1078125 0.4984375 0.07421875 0.07421875
1 0.19609375 0.49296875 0.08203125 0.084375
1 0.1984375 0.49140625 0.0765625 0.0625
1 0.24921875 0.48125 0.05859375 0.0703125
1 0.25703125 0.48125 0.053125 0.0703125
6 0.2671875 0.26484375 0.0171875 0.0546875
6 0.2671875 0.26875 0.0140625 0.0640625
5 0.37109375 0.27265625 0.025 0.05859375
5 0.3703125 0.2703125 0.0171875 0.05859375
1 0.39765625 0.49140625 0.03515625 0.040625
1 0.43359375 0.4859375 0.03515625 0.05078125
1 0.5046875 0.490625 0.03125 0.046875
5 0.64921875 0.38359375 0.0171875 0.05859375
5 0.65 0.384375 0.0140625 0.0546875
1 0.83203125 0.465625 0.06875 0.0453125
1 0.9 0.48046875 0.05625 0.0328125