1 0.04609375 0.54375 0.0921875 0.16796875
1 0.1921875 0.534375 0.19921875 0.2328125
8 0.25 0.3375 0.0171875 0.046875
7 0.25390625 0.33203125 0.01953125 0.0296875
1 0.48515625 0.65 0.3984375 0.47265625
8 0.3078125 0.33203125 0.01953125 0.05078125
1 0.3171875 0.49375 0.0390625 0.040625
7 0.3109375 0.325 0.01953125 0.0296875
7 0.38984375 0.3359375 0.0140625 0.0453125
7 0.44921875 0.33671875 0.021875 0.046875
7 0.56953125 0.3921875 0.01953125 0.03515625
1 0.9015625 0.56875 0.19375 0.396875
1 0.90703125 0.54296875 0.1796875 0.32421875