1 0.190625 0.57890625 0.38125 0.29296875
7 0.090625 0.3078125 0.025 0.08203125
1 0.48125 0.49609375 0.03125 0.053125
1 0.48046875 0.484375 0.02734375 0.0453125
1 0.54296875 0.490625 0.040625 0.0796875
1 0.53828125 0.4859375 0.0171875 0.05625
1 0.57109375 0.50078125 0.046875 0.078125
1 0.5703125 0.4984375 0.0375 0.046875
1 0.6125 0.50078125 0.06640625 0.0765625
7 0.615625 0.27734375 0.0234375 0.0859375
3 0.61796875 0.5125 0.0296875 0.1015625
3 0.921875 0.484375 0.03515625 0.15625
3 0.925 0.49140625 0.0390625 0.15625