1 0.078125 0.6265625 0.15625 0.303125
1 0.13671875 0.5515625 0.03125 0.0328125
1 0.16796875 0.55390625 0.046875 0.04296875
1 0.23515625 0.53515625 0.0390625 0.07421875
1 0.3171875 0.5359375 0.1015625 0.11875
1 0.39921875 0.52734375 0.0375 0.05078125
1 0.45703125 0.5265625 0.04296875 0.0609375
1 0.4890625 0.51875 0.040625 0.07421875
1 0.49140625 0.51640625 0.0296875 0.046875
1 0.53828125 0.5515625 0.0921875 0.1171875
1 0.8296875 0.53203125 0.071875 0.0859375
2 0.9078125 0.525 0.1171875 0.08984375
1 0.96015625 0.559375 0.05078125 0.0765625
3 0.9875 0.54765625 0.01953125 0.178125