1 0.18359375 0.63125 0.3671875 0.62109375
1 0.4 0.58203125 0.12890625 0.22265625
8 0.346875 0.434375 0.01953125 0.0609375
7 0.475 0.35546875 0.015625 0.05078125
1 0.5109375 0.5375 0.03125 0.0390625
7 0.52421875 0.42890625 0.0171875 0.05078125
1 0.6265625 0.5421875 0.1578125 0.08984375
7 0.70625 0.31875 0.040625 0.11875
1 0.90234375 0.5328125 0.1109375 0.109375
1 0.86875 0.55390625 0.04296875 0.0703125
1 0.940625 0.54296875 0.1078125 0.1109375
1 0.9265625 0.55078125 0.06640625 0.0859375
1 0.9734375 0.53515625 0.05078125 0.1078125