1 0.13203125 0.55859375 0.05078125 0.0625
1 0.13203125 0.55390625 0.0453125 0.04296875
1 0.2375 0.5375 0.03515625 0.0484375
7 0.29609375 0.4 0.0140625 0.04296875
8 0.3 0.4 0.0171875 0.0546875
1 0.35546875 0.5375 0.03515625 0.0453125
5 0.36015625 0.4046875 0.01953125 0.05078125
5 0.3609375 0.4125 0.0140625 0.0375
1 0.4015625 0.5296875 0.0375 0.040625
5 0.4140625 0.4109375 0.0171875 0.0484375
5 0.41484375 0.4203125 0.01953125 0.0390625
1 0.47734375 0.53515625 0.03515625 0.0609375
1 0.53515625 0.55 0.1 0.103125
1 0.521875 0.471875 0.021875 0.046875
5 0.521875 0.4765625 0.0140625 0.0375
1 0.646875 0.5421875 0.0765625 0.0765625
5 0.62890625 0.43828125 0.0171875 0.046875
1 0.8421875 0.5703125 0.1953125 0.13671875