1 0.90234375 0.5578125 0.19375 0.2984375
1 0.14921875 0.525 0.09765625 0.0953125
1 0.15546875 0.53125 0.10546875 0.0875
1 0.334375 0.50625 0.0390625 0.0453125
1 0.33515625 0.5078125 0.040625 0.0390625
1 0.3546875 0.49296875 0.01953125 0.05078125
1 0.49921875 0.490625 0.0453125 0.07421875
1 0.6234375 0.51953125 0.0375 0.084375
1 0.6515625 0.52265625 0.0390625 0.10546875
1 0.7 0.51640625 0.0953125 0.1328125
1 0.69609375 0.51875 0.071875 0.1546875
1 0.7703125 0.5234375 0.1171875 0.196875
1 0.76640625 0.53046875 0.1015625 0.2203125