1 0.2640625 0.5296875 0.0390625 0.046875
1 0.04765625 0.54296875 0.06875 0.0390625
1 0.11875 0.53125 0.0453125 0.0484375
1 0.1828125 0.5546875 0.1078125 0.0859375
1 0.2953125 0.534375 0.0296875 0.040625
1 0.36328125 0.58203125 0.146875 0.196875
5 0.359375 0.375 0.0171875 0.04296875
5 0.41796875 0.4140625 0.015625 0.0453125
1 0.45390625 0.528125 0.0296875 0.0625
1 0.475 0.5375 0.0484375 0.05625
1 0.49609375 0.54609375 0.03515625 0.0953125
1 0.553125 0.53984375 0.1109375 0.15
5 0.53984375 0.3578125 0.0171875 0.0453125
3 0.65703125 0.5375 0.0171875 0.0625
1 0.74296875 0.56640625 0.15234375 0.13125
5 0.725 0.46015625 0.01171875 0.0375
1 0.9109375 0.7375 0.1703125 0.4828125