0 0.021875 0.54765625 0.0328125 0.0859375
0 0.01953125 0.54296875 0.01953125 0.0703125
1 0.12421875 0.53125 0.09375 0.09765625
2 0.128125 0.5296875 0.0921875 0.0875
1 0.20625 0.5359375 0.07421875 0.0640625
1 0.20390625 0.5046875 0.06640625 0.0375
2 0.2015625 0.51484375 0.0546875 0.05078125
2 0.28828125 0.484375 0.1078125 0.17578125
1 0.35859375 0.5203125 0.0328125 0.03515625
1 0.3921875 0.51953125 0.03515625 0.0453125
8 0.4234375 0.31953125 0.01953125 0.0546875
1 0.4921875 0.5140625 0.05078125 0.06640625
7 0.5 0.3171875 0.021875 0.0625
7 0.64453125 0.4125 0.021875 0.0625
1 0.85234375 0.5296875 0.1265625 0.0875