1 0.88203125 0.7125 0.2359375 0.56875
1 0.1390625 0.54296875 0.053125 0.08203125
1 0.2421875 0.5296875 0.11328125 0.171875
1 0.30390625 0.5421875 0.0234375 0.09375
1 0.32421875 0.53125 0.0296875 0.084375
1 0.390625 0.5328125 0.0484375 0.0609375
1 0.46953125 0.53984375 0.04296875 0.078125
1 0.47734375 0.53125 0.05625 0.078125
1 0.51875 0.54296875 0.07421875 0.1546875
1 0.53046875 0.5390625 0.0796875 0.1484375
1 0.6046875 0.5578125 0.12890625 0.2125
1 0.584375 0.565625 0.0859375 0.24609375
1 0.775 0.5859375 0.3265625 0.3828125