1 0.0609375 0.5203125 0.0859375 0.12109375
1 0.065625 0.54609375 0.084375 0.2203125
1 0.0953125 0.57890625 0.12890625 0.171875
1 0.28515625 0.5875 0.32421875 0.4140625
4 0.31640625 0.32734375 0.01953125 0.05859375
7 0.41328125 0.32734375 0.021875 0.05078125
1 0.490625 0.5140625 0.0234375 0.0390625
7 0.49140625 0.32734375 0.021875 0.05859375
1 0.6265625 0.49921875 0.23046875 0.13125
2 0.61328125 0.48828125 0.178125 0.1328125
1 0.8 0.63359375 0.3765625 0.3671875
1 0.6359375 0.54296875 0.0453125 0.1171875
7 0.67890625 0.41796875 0.0171875 0.05078125
7 0.9296875 0.25703125 0.0546875 0.16015625
1 0.9546875 0.5140625 0.0796875 0.0609375
3 0.95 0.51484375 0.02734375 0.05625