1 0.03046875 0.59453125 0.0609375 0.1875
1 0.92265625 0.621875 0.15 0.35
1 0.1796875 0.559375 0.15234375 0.1578125
1 0.17890625 0.5484375 0.12890625 0.1328125
1 0.33203125 0.525 0.0609375 0.078125
1 0.33671875 0.5171875 0.06640625 0.0921875
1 0.37109375 0.51640625 0.040625 0.078125
1 0.36796875 0.51875 0.025 0.07421875
1 0.4640625 0.51875 0.0328125 0.0546875
1 0.49921875 0.51484375 0.03125 0.0453125
1 0.6046875 0.5234375 0.0484375 0.078125
1 0.60078125 0.525 0.0375 0.07421875
1 0.6359375 0.52734375 0.0453125 0.125
1 0.6984375 0.5515625 0.1078125 0.13125