7 0.81328125 0.165625 0.04296875 0.1546875
7 0.196875 0.425 0.02734375 0.0375
7 0.19921875 0.4390625 0.025 0.0625
1 0.30078125 0.55625 0.03125 0.04296875
1 0.32734375 0.56171875 0.025 0.0375
1 0.33125 0.55390625 0.03125 0.0375
1 0.40546875 0.55625 0.0484375 0.05078125
1 0.4015625 0.55390625 0.040625 0.0375
7 0.42265625 0.3140625 0.0171875 0.04296875
7 0.4265625 0.3203125 0.01953125 0.0609375
1 0.45390625 0.5515625 0.040625 0.046875
7 0.5703125 0.41796875 0.021875 0.040625
7 0.575 0.4296875 0.0171875 0.0609375