1 0.12578125 0.5625 0.2515625 0.53515625
1 0.05859375 0.4984375 0.071875 0.1
8 0.234375 0.3609375 0.0234375 0.0625
4 0.234375 0.36015625 0.01953125 0.05078125
1 0.284375 0.5359375 0.115625 0.12890625
4 0.290625 0.35859375 0.0171875 0.0625
1 0.371875 0.525 0.04296875 0.0765625
5 0.375 0.35546875 0.01953125 0.05625
1 0.45 0.5375 0.16796875 0.2015625
4 0.3796875 0.3515625 0.0171875 0.046875
5 0.4390625 0.35625 0.0328125 0.0765625
7 0.43828125 0.3515625 0.0171875 0.05078125
5 0.5671875 0.43125 0.0171875 0.0625
5 0.5671875 0.4234375 0.0171875 0.0453125
1 0.78203125 0.49921875 0.05625 0.071875
1 0.7859375 0.50390625 0.0546875 0.06875
1 0.8609375 0.51640625 0.1484375 0.20703125