1 0.0640625 0.5078125 0.0625 0.03515625
1 0.20234375 0.49609375 0.046875 0.0453125
1 0.26640625 0.49140625 0.046875 0.053125
1 0.30625 0.4890625 0.0453125 0.05078125
1 0.3140625 0.49375 0.0390625 0.05859375
6 0.35546875 0.35625 0.0140625 0.046875
6 0.35625 0.3578125 0.0140625 0.0484375
1 0.38203125 0.4984375 0.04296875 0.053125
5 0.41796875 0.3625 0.0171875 0.040625
1 0.43125 0.5 0.04296875 0.053125
5 0.41796875 0.36015625 0.01171875 0.04296875
1 0.44609375 0.490625 0.0296875 0.04296875
1 0.4953125 0.49140625 0.0296875 0.046875
5 0.5890625 0.43125 0.0140625 0.0328125
5 0.5890625 0.4296875 0.0140625 0.0390625
3 0.65234375 0.50390625 0.02734375 0.071875
5 0.6765625 0.37578125 0.021875 0.0640625
5 0.6765625 0.378125 0.0234375 0.05625