4 0.0640625 0.0671875 0.0796875 0.12890625
1 0.21171875 0.51484375 0.06640625 0.0796875
1 0.2484375 0.52421875 0.1171875 0.08203125
1 0.39140625 0.50859375 0.09765625 0.06640625
3 0.5390625 0.59296875 0.18125 0.7984375
3 0.56640625 0.60546875 0.234375 0.78515625
4 0.571875 0.0296875 0.0296875 0.0546875
7 0.653125 0.35859375 0.0171875 0.05078125
7 0.65234375 0.3578125 0.009375 0.0390625
7 0.728125 0.41875 0.0140625 0.0484375
7 0.80078125 0.0765625 0.0296875 0.0921875
1 0.81953125 0.48828125 0.0625 0.040625
1 0.82109375 0.490625 0.053125 0.04296875
1 0.88125 0.4984375 0.1109375 0.0703125
1 0.92109375 0.4859375 0.103125 0.05625