2 0.07109375 0.4859375 0.12109375 0.1546875
1 0.13359375 0.55546875 0.0921875 0.0921875
1 0.20234375 0.48359375 0.1328125 0.12109375
2 0.1953125 0.503125 0.109375 0.140625
1 0.3078125 0.5984375 0.22265625 0.2671875
2 0.3984375 0.509375 0.1234375 0.196875
1 0.43125 0.51875 0.071875 0.26953125
1 0.49921875 0.53046875 0.04296875 0.06640625
1 0.5484375 0.5265625 0.0484375 0.13125
1 0.57421875 0.51953125 0.09375 0.1265625
1 0.634375 0.546875 0.1546875 0.15625
2 0.73359375 0.475 0.11875 0.1890625
1 0.7359375 0.475 0.0875 0.1484375