1 0.07734375 0.50390625 0.07421875 0.06875
1 0.2078125 0.48515625 0.03515625 0.0390625
1 0.20390625 0.49140625 0.0234375 0.03125
1 0.2390625 0.48046875 0.05625 0.0484375
1 0.240625 0.48828125 0.0390625 0.053125
1 0.29765625 0.48828125 0.025 0.046875
1 0.30390625 0.48046875 0.02734375 0.0296875
1 0.340625 0.48125 0.03125 0.0328125
1 0.384375 0.4796875 0.021875 0.03125
9 0.55 0.309375 0.01171875 0.0484375
9 0.678125 0.40546875 0.0140625 0.0390625
9 0.79296875 0.3546875 0.021875 0.040625
9 0.78984375 0.3578125 0.01171875 0.0390625