1 0.046875 0.54375 0.09375 0.1703125
1 0.19375 0.5375 0.203125 0.234375
8 0.25 0.3375 0.0171875 0.046875
7 0.25390625 0.33203125 0.01953125 0.03125
1 0.48515625 0.65 0.4 0.475
8 0.3078125 0.33203125 0.01953125 0.053125
1 0.31953125 0.49375 0.040625 0.04296875
7 0.3109375 0.325 0.01953125 0.03125
7 0.390625 0.3359375 0.015625 0.0453125
7 0.44921875 0.33515625 0.021875 0.046875
7 0.56953125 0.3921875 0.01953125 0.03515625
1 0.7875 0.49140625 0.053125 0.0796875
1 0.8546875 0.51171875 0.109375 0.140625