0 0.6609375 0.5296875 0.02734375 0.0921875
3 0.0265625 0.55078125 0.015625 0.0640625
3 0.03046875 0.55625 0.0171875 0.0765625
3 0.04296875 0.55390625 0.0140625 0.071875
1 0.1203125 0.540625 0.0765625 0.08203125
1 0.1765625 0.53984375 0.05078125 0.05078125
1 0.3296875 0.65234375 0.33203125 0.421875
8 0.28046875 0.27734375 0.021875 0.0640625
7 0.38984375 0.2859375 0.021875 0.071875
3 0.5109375 0.546875 0.0609375 0.2109375
3 0.5109375 0.546875 0.05859375 0.22265625
0 0.509375 0.53046875 0.0328125 0.07421875
3 0.53125 0.5171875 0.0171875 0.0640625
7 0.56328125 0.41015625 0.0234375 0.0625
3 0.5875 0.51953125 0.0171875 0.08203125
3 0.6046875 0.5203125 0.01953125 0.06875
1 0.78203125 0.5265625 0.17578125 0.1