7 0.046875 0.28515625 0.071875 0.24609375
1 0.03828125 0.54609375 0.07421875 0.2171875
1 0.23515625 0.49140625 0.040625 0.05078125
1 0.3 0.50625 0.1171875 0.1015625
1 0.4390625 0.4984375 0.0921875 0.07421875
1 0.53046875 0.48046875 0.0375 0.046875
8 0.5734375 0.0375 0.021875 0.071875
7 0.57421875 0.35859375 0.015625 0.046875
7 0.659375 0.3515625 0.015625 0.0390625
7 0.73046875 0.4 0.0140625 0.02734375
7 0.78515625 0.09296875 0.021875 0.0625
3 0.796875 0.46484375 0.025 0.08984375
3 0.95234375 0.4765625 0.0296875 0.15625
3 0.9828125 0.4921875 0.01953125 0.13125