1 0.6265625 0.48515625 0.05625 0.0453125
1 0.06953125 0.51875 0.1390625 0.15625
1 0.1390625 0.5046875 0.0453125 0.04296875
1 0.21015625 0.503125 0.040625 0.05859375
1 0.24921875 0.5 0.03515625 0.04296875
1 0.253125 0.50078125 0.0375 0.0390625
1 0.3 0.49140625 0.05078125 0.0546875
1 0.29765625 0.496875 0.0453125 0.04296875
4 0.3109375 0.3125 0.015625 0.04296875
1 0.34453125 0.49140625 0.0328125 0.0390625
1 0.3484375 0.49140625 0.0375 0.03515625
5 0.3890625 0.3203125 0.01953125 0.046875
5 0.3921875 0.32734375 0.01953125 0.02734375
5 0.4515625 0.3171875 0.015625 0.04296875
5 0.453125 0.34765625 0.01953125 0.0390625
5 0.584375 0.4203125 0.015625 0.03125
5 0.58984375 0.40234375 0.01953125 0.0453125