3 0.91015625 0.53125 0.0328125 0.16015625
1 0.1125 0.53515625 0.2171875 0.1703125
1 0.2546875 0.503125 0.09765625 0.1109375
1 0.2625 0.50625 0.1109375 0.11875
1 0.353125 0.49296875 0.05078125 0.0796875
1 0.3578125 0.4953125 0.053125 0.0640625
1 0.38203125 0.49296875 0.025 0.07421875
1 0.4671875 0.48828125 0.0328125 0.0546875
1 0.49609375 0.49140625 0.03125 0.0453125
1 0.58671875 0.49296875 0.05078125 0.06640625
1 0.57890625 0.48828125 0.02734375 0.0703125
1 0.60234375 0.50078125 0.0296875 0.078125
1 0.65234375 0.51640625 0.0875 0.11328125
1 0.796875 0.5296875 0.2015625 0.2421875