1 0.1328125 0.50859375 0.0296875 0.0296875
1 0.15703125 0.521875 0.0390625 0.0296875
1 0.1640625 0.5078125 0.04296875 0.0296875
1 0.18125 0.5390625 0.05859375 0.0453125
1 0.17890625 0.5390625 0.05078125 0.05859375
1 0.23515625 0.5140625 0.0546875 0.0953125
2 0.234375 0.509375 0.04296875 0.07421875
1 0.30078125 0.5375 0.0625 0.0796875
1 0.34453125 0.51171875 0.025 0.0296875
1 0.38203125 0.51171875 0.02734375 0.0375
7 0.38984375 0.4296875 0.0140625 0.0375
5 0.4234375 0.42890625 0.01953125 0.0296875
5 0.47578125 0.46875 0.0140625 0.0328125
5 0.49296875 0.46171875 0.01171875 0.0296875