1 0.08984375 0.56875 0.1796875 0.1890625
1 0.92890625 0.534375 0.1421875 0.37890625
1 0.2046875 0.52734375 0.134375 0.171875
1 0.22734375 0.53203125 0.11328125 0.16796875
1 0.29296875 0.5078125 0.071875 0.125
1 0.3046875 0.515625 0.0703125 0.11875
1 0.346875 0.50859375 0.05078125 0.0875
1 0.35 0.5046875 0.053125 0.08984375
1 0.3765625 0.50703125 0.0375 0.078125
1 0.6203125 0.45390625 0.084375 0.125
1 0.64921875 0.50703125 0.0921875 0.11328125
1 0.646875 0.51953125 0.078125 0.12890625
1 0.7 0.5296875 0.0609375 0.1390625
1 0.790625 0.5234375 0.15625 0.1875