1 0.0796875 0.51484375 0.0796875 0.0859375
1 0.0828125 0.5125 0.0875 0.078125
1 0.33125 0.4953125 0.0328125 0.0328125
1 0.33203125 0.49296875 0.025 0.03125
1 0.3671875 0.48359375 0.0296875 0.040625
1 0.4203125 0.4859375 0.025 0.04296875
1 0.41875 0.484375 0.01953125 0.03515625
7 0.4453125 0.40546875 0.015625 0.0375
8 0.44921875 0.4078125 0.01953125 0.040625
4 0.53828125 0.3546875 0.0171875 0.0390625
1 0.54609375 0.4921875 0.025 0.03125
9 0.571875 0.40703125 0.015625 0.0453125
7 0.575 0.41015625 0.015625 0.0375
9 0.67109375 0.34375 0.0234375 0.071875
7 0.67109375 0.36796875 0.015625 0.046875