1 0.0828125 0.5265625 0.071875 0.046875
1 0.1515625 0.52421875 0.0625 0.06640625
1 0.16015625 0.5265625 0.05859375 0.05078125
1 0.203125 0.5140625 0.0453125 0.0546875
1 0.28125 0.5125 0.1 0.109375
8 0.2484375 0.35546875 0.0140625 0.04296875
1 0.3328125 0.49609375 0.025 0.03125
1 0.353125 0.496875 0.021875 0.02734375
5 0.3578125 0.259375 0.021875 0.0640625
1 0.3703125 0.4921875 0.01953125 0.0296875
1 0.4234375 0.49140625 0.0296875 0.03515625
5 0.5875 0.375 0.02734375 0.046875
5 0.58671875 0.371875 0.0171875 0.053125
5 0.815625 0.24375 0.0234375 0.071875
1 0.84296875 0.44921875 0.06875 0.06875