1 0.240625 0.546875 0.0609375 0.07421875
1 0.2421875 0.5421875 0.0640625 0.06640625
1 0.31875 0.5375 0.0609375 0.071875
1 0.31953125 0.54296875 0.0609375 0.06875
1 0.38125 0.5265625 0.0328125 0.04296875
1 0.4328125 0.525 0.0609375 0.071875
1 0.43125 0.53046875 0.046875 0.06640625
1 0.51171875 0.521875 0.046875 0.06640625
1 0.546875 0.534375 0.03125 0.0859375
1 0.59453125 0.52265625 0.0953125 0.13125
1 0.58984375 0.5328125 0.0796875 0.1234375
1 0.71953125 0.57734375 0.225 0.228125
1 0.72265625 0.565625 0.2265625 0.209375