0 0.07890625 0.5015625 0.025 0.0296875
1 0.228125 0.49140625 0.0796875 0.0484375
1 0.23359375 0.4984375 0.07421875 0.0375
8 0.221875 0.43359375 0.0140625 0.0328125
8 0.22265625 0.4296875 0.01171875 0.0375
0 0.271875 0.48828125 0.0390625 0.0625
0 0.2796875 0.4890625 0.0390625 0.06875
1 0.33671875 0.49375 0.06640625 0.0640625
8 0.36015625 0.365625 0.01953125 0.04296875
8 0.35625 0.3734375 0.009375 0.0296875
1 0.378125 0.48359375 0.0328125 0.0390625
1 0.3828125 0.484375 0.0390625 0.040625
7 0.415625 0.3625 0.0171875 0.040625
7 0.415625 0.3625 0.009375 0.0296875
7 0.50703125 0.4234375 0.01171875 0.040625
7 0.53046875 0.371875 0.015625 0.04296875
1 0.628125 0.4640625 0.0875 0.040625
1 0.63125 0.4671875 0.0765625 0.0609375
3 0.61328125 0.484375 0.0234375 0.0921875