1 0.0984375 0.5140625 0.025 0.03125
1 0.1765625 0.49609375 0.08984375 0.06875
1 0.36015625 0.4984375 0.071875 0.0546875
1 0.35859375 0.49296875 0.0640625 0.046875
1 0.421875 0.49296875 0.03125 0.05625
1 0.446875 0.4921875 0.03515625 0.0484375
1 0.5453125 0.4875 0.0546875 0.053125
4 0.5703125 0.028125 0.02734375 0.05625
4 0.56640625 0.36015625 0.0140625 0.053125
7 0.653125 0.35546875 0.015625 0.040625
7 0.7265625 0.403125 0.015625 0.04296875
7 0.7296875 0.4078125 0.0140625 0.02734375
7 0.8 0.07109375 0.025 0.08984375
3 0.82109375 0.47578125 0.03125 0.0875
3 0.821875 0.48046875 0.025 0.05625
0 0.9703125 0.4921875 0.02734375 0.1015625
3 0.9765625 0.47734375 0.03125 0.15625
3 0.99140625 0.48125 0.01171875 0.084375