1 0.74140625 0.53046875 0.071875 0.0859375
1 0.93828125 0.5328125 0.1109375 0.1078125
1 0.028125 0.5625 0.0546875 0.10546875
1 0.03125 0.5578125 0.0609375 0.07421875
1 0.0921875 0.546875 0.1328125 0.0859375
1 0.0984375 0.5296875 0.11328125 0.0625
1 0.15546875 0.540625 0.078125 0.0859375
1 0.1734375 0.53125 0.040625 0.05859375
1 0.31328125 0.553125 0.103125 0.12890625
1 0.6671875 0.5359375 0.08984375 0.07421875
1 0.821875 0.5265625 0.13671875 0.1078125
1 0.821875 0.52734375 0.13125 0.0953125
2 0.884375 0.45234375 0.228125 0.165625