1 0.36875 0.55546875 0.0609375 0.08203125
5 0.41015625 0.38984375 0.009375 0.03125
5 0.41015625 0.390625 0.009375 0.03125
1 0.45234375 0.54765625 0.05859375 0.0859375
5 0.46796875 0.403125 0.009375 0.02734375
5 0.46796875 0.4 0.0078125 0.0296875
5 0.528125 0.4640625 0.01171875 0.040625
5 0.5296875 0.4671875 0.01171875 0.0296875
5 0.55 0.44609375 0.0078125 0.040625
5 0.553125 0.4484375 0.009375 0.0328125
3 0.59296875 0.5421875 0.0171875 0.1
3 0.5953125 0.5328125 0.015625 0.08984375
3 0.609375 0.5390625 0.0140625 0.115625
3 0.6171875 0.54296875 0.015625 0.1
3 0.61796875 0.5421875 0.0140625 0.1078125
3 0.63671875 0.53203125 0.01953125 0.09765625
3 0.64140625 0.53984375 0.015625 0.103125