2 0.05078125 0.5265625 0.1 0.1078125
1 0.0859375 0.5875 0.1265625 0.1859375
1 0.29609375 0.60078125 0.3109375 0.43125
4 0.31640625 0.3375 0.021875 0.0546875
4 0.41328125 0.32734375 0.025 0.05625
4 0.415625 0.3390625 0.0171875 0.0546875
1 0.484375 0.51875 0.021875 0.04296875
1 0.48125 0.51171875 0.009375 0.0296875
4 0.4921875 0.3296875 0.025 0.0703125
4 0.49296875 0.3296875 0.0171875 0.046875
1 0.52421875 0.53046875 0.0703125 0.0609375
1 0.628125 0.54296875 0.0453125 0.1171875
1 0.796875 0.621875 0.3734375 0.3515625
4 0.6796875 0.43046875 0.01953125 0.0546875
1 0.9421875 0.51953125 0.0796875 0.0609375
4 0.93671875 0.25859375 0.05078125 0.146875
1 0.946875 0.51953125 0.0703125 0.07421875