4 0.06328125 0.0671875 0.08203125 0.12890625
3 0.1703125 0.57734375 0.18125 0.7984375
3 0.21171875 0.59296875 0.234375 0.78515625
1 0.4359375 0.4953125 0.1171875 0.0546875
1 0.61328125 0.49921875 0.11875 0.06640625
4 0.571875 0.028125 0.0296875 0.0546875
7 0.565625 0.36328125 0.015625 0.04296875
7 0.653125 0.35859375 0.0171875 0.05078125
7 0.65234375 0.3578125 0.009375 0.0390625
7 0.728125 0.41875 0.0140625 0.0484375
1 0.825 0.4875 0.11875 0.071875
7 0.80078125 0.0765625 0.0296875 0.0921875
1 0.8625 0.4890625 0.071875 0.0546875
1 0.92109375 0.4859375 0.103125 0.05625