1 0.190625 0.578125 0.1578125 0.1703125
2 0.28203125 0.49375 0.13671875 0.225
1 0.3578125 0.5265625 0.0328125 0.07421875
1 0.4234375 0.51953125 0.084375 0.125
4 0.39375 0.3703125 0.015625 0.040625
7 0.4609375 0.38203125 0.0171875 0.046875
7 0.46015625 0.36875 0.01171875 0.03125
2 0.55546875 0.46484375 0.125 0.203125
1 0.64375 0.54296875 0.146875 0.16015625
1 0.746875 0.46796875 0.12109375 0.0765625
1 0.7109375 0.4890625 0.03125 0.053125
1 0.75078125 0.4640625 0.10546875 0.078125
3 0.70703125 0.4859375 0.015625 0.05078125
3 0.7234375 0.4921875 0.0140625 0.05859375
3 0.7375 0.4859375 0.0140625 0.0546875
3 0.7375 0.484375 0.015625 0.0453125