1 0.14765625 0.51953125 0.0953125 0.09375
1 0.15 0.525 0.0953125 0.084375
5 0.284375 0.1328125 0.03125 0.0859375
1 0.315625 0.50703125 0.040625 0.040625
5 0.41875 0.1875 0.0390625 0.053125
5 0.4171875 0.16875 0.025 0.0953125
1 0.5421875 0.49375 0.03125 0.05859375
3 0.5953125 0.49375 0.01953125 0.0625
3 0.596875 0.4984375 0.015625 0.0609375
1 0.61875 0.496875 0.03515625 0.05078125
1 0.62109375 0.503125 0.03515625 0.046875
1 0.64375 0.5015625 0.0296875 0.0640625
1 0.67578125 0.50859375 0.0484375 0.0703125
1 0.68046875 0.49609375 0.0453125 0.078125
1 0.72734375 0.496875 0.0796875 0.0921875
5 0.7046875 0.3359375 0.0328125 0.0765625
5 0.70625 0.35 0.0328125 0.0640625
1 0.72734375 0.496875 0.071875 0.0953125
1 0.79296875 0.4890625 0.053125 0.0546875
1 0.79609375 0.4859375 0.05078125 0.0375
1 0.83203125 0.490625 0.0328125 0.06640625
1 0.83515625 0.48046875 0.02734375 0.0453125
1 0.884375 0.4859375 0.0796875 0.06640625
1 0.8953125 0.4828125 0.1 0.04296875