1 0.0609375 0.5765625 0.12109375 0.11875
2 0.09453125 0.46953125 0.1078125 0.09765625
1 0.15234375 0.5453125 0.08203125 0.1109375
1 0.21484375 0.540625 0.0609375 0.06875
1 0.2171875 0.5453125 0.05859375 0.06640625
1 0.3765625 0.51484375 0.0859375 0.11875
1 0.46484375 0.5265625 0.0484375 0.0609375
1 0.52734375 0.53046875 0.02734375 0.0640625
1 0.55078125 0.53046875 0.03515625 0.0875
1 0.5734375 0.53515625 0.03125 0.11328125
1 0.56953125 0.5359375 0.025 0.10546875
1 0.59296875 0.5421875 0.02734375 0.1109375
1 0.65234375 0.56328125 0.1265625 0.14453125