1 0.2078125 0.53828125 0.08984375 0.08984375
1 0.21171875 0.54296875 0.08203125 0.1078125
1 0.34453125 0.571875 0.19375 0.2953125
7 0.434375 0.47265625 0.0140625 0.03515625
1 0.4515625 0.565625 0.03125 0.14453125
1 0.4953125 0.51953125 0.021875 0.021875
1 0.5265625 0.51640625 0.0328125 0.05078125
5 0.56640625 0.375 0.0140625 0.04296875
5 0.57109375 0.38671875 0.009375 0.0375
1 0.60546875 0.51875 0.0234375 0.0375
5 0.6578125 0.4484375 0.0140625 0.0375
5 0.659375 0.46875 0.01171875 0.0328125
5 0.87890625 0.38671875 0.015625 0.046875
5 0.878125 0.4046875 0.01171875 0.0484375
1 0.93125 0.5046875 0.115625 0.08984375
1 0.94140625 0.496875 0.1109375 0.06875