1 0.0390625 0.55390625 0.078125 0.0875
1 0.11328125 0.53828125 0.0796875 0.0859375
1 0.2203125 0.52265625 0.053125 0.05859375
1 0.4140625 0.51640625 0.04296875 0.0625
1 0.47578125 0.51875 0.03515625 0.0390625
1 0.4953125 0.503125 0.0234375 0.0296875
1 0.5203125 0.521875 0.0625 0.084375
1 0.590625 0.51953125 0.040625 0.05625
1 0.62421875 0.521875 0.0234375 0.05625
1 0.653125 0.51953125 0.05078125 0.0609375
1 0.65546875 0.51484375 0.0484375 0.0609375
1 0.73359375 0.53203125 0.0390625 0.0640625
1 0.78515625 0.52734375 0.08203125 0.10546875
1 0.8625 0.540625 0.1265625 0.0921875
1 0.878125 0.48515625 0.06875 0.0375