1 0.0453125 0.59765625 0.0484375 0.11875
1 0.04609375 0.60546875 0.05078125 0.1
1 0.10078125 0.6015625 0.05625 0.0875
1 0.13203125 0.55859375 0.1109375 0.103125
1 0.14375 0.54609375 0.08203125 0.071875
1 0.1375 0.60546875 0.0328125 0.0609375
1 0.19453125 0.59375 0.04296875 0.084375
1 0.21796875 0.55390625 0.078125 0.05625
1 0.2 0.58671875 0.0328125 0.078125
2 0.3859375 0.46796875 0.21875 0.42578125
3 0.48359375 0.565625 0.0296875 0.09375
3 0.54375 0.57421875 0.025 0.125
3 0.559375 0.58125 0.0171875 0.115625
3 0.7671875 0.53203125 0.040625 0.0546875
3 0.98515625 0.5546875 0.025 0.1703125