1 0.07890625 0.60625 0.1578125 0.2828125
2 0.07734375 0.48125 0.15 0.13671875
2 0.08671875 0.484375 0.1421875 0.1015625
1 0.165625 0.5484375 0.0640625 0.06875
1 0.16484375 0.5453125 0.053125 0.06640625
1 0.31640625 0.621875 0.275 0.359375
8 0.33984375 0.24609375 0.021875 0.05859375
2 0.490625 0.48828125 0.0796875 0.12109375
7 0.46484375 0.275 0.01953125 0.0625
7 0.46484375 0.278125 0.01953125 0.0609375
3 0.6078125 0.5171875 0.025 0.0921875
7 0.63359375 0.3875 0.015625 0.0546875
7 0.634375 0.3921875 0.015625 0.06640625
1 0.85625 0.54375 0.2828125 0.6625
1 0.8578125 0.54375 0.28125 0.66796875