1 0.065625 0.559375 0.0609375 0.04296875
1 0.07109375 0.559375 0.05625 0.0609375
1 0.16015625 0.55625 0.02734375 0.04296875
1 0.228125 0.55078125 0.0453125 0.05859375
1 0.23046875 0.55546875 0.0390625 0.053125
1 0.265625 0.553125 0.0609375 0.1
1 0.3828125 0.58515625 0.11875 0.1703125
8 0.3625 0.28984375 0.02734375 0.078125
5 0.49296875 0.3140625 0.02734375 0.0765625
1 0.55859375 0.5578125 0.08984375 0.1953125
1 0.678125 0.596875 0.203125 0.2359375
5 0.60546875 0.34375 0.03125 0.0765625
5 0.609375 0.3375 0.021875 0.05625
5 0.74140625 0.44375 0.0234375 0.05078125
1 0.7796875 0.5421875 0.0625 0.05625
1 0.78203125 0.55 0.05859375 0.0640625
1 0.8609375 0.56171875 0.15234375 0.084375
1 0.9359375 0.81875 0.125 0.3609375
1 0.93828125 0.5296875 0.07421875 0.053125