2 0.046875 0.525 0.09375 0.103125
2 0.0484375 0.5296875 0.0953125 0.10546875
1 0.1109375 0.58203125 0.1265625 0.1859375
1 0.29765625 0.6046875 0.3109375 0.4359375
4 0.31640625 0.3390625 0.021875 0.053125
4 0.41328125 0.32734375 0.025 0.05625
4 0.415625 0.3390625 0.0171875 0.0546875
1 0.48125 0.51171875 0.009375 0.03125
4 0.4921875 0.33125 0.02734375 0.071875
4 0.49296875 0.3296875 0.0171875 0.046875
1 0.53515625 0.52421875 0.046875 0.05859375
1 0.628125 0.54296875 0.046875 0.1171875
1 0.796875 0.62109375 0.3734375 0.3515625
4 0.6796875 0.43125 0.01953125 0.05625
1 0.9421875 0.51953125 0.0796875 0.0609375
1 0.94375 0.51953125 0.078125 0.0765625
4 0.9375 0.25859375 0.05078125 0.14453125