1 0.91796875 0.4875 0.0875 0.0453125
4 0.06171875 0.07109375 0.0953125 0.1421875
1 0.07109375 0.51875 0.0765625 0.11328125
1 0.0890625 0.51953125 0.053125 0.09765625
1 0.3859375 0.49375 0.1234375 0.0921875
1 0.45 0.4984375 0.021875 0.046875
1 0.47578125 0.49921875 0.03515625 0.0484375
4 0.57109375 0.0265625 0.02734375 0.05078125
7 0.565625 0.3640625 0.015625 0.0484375
1 0.64453125 0.4984375 0.1390625 0.0703125
7 0.653125 0.3578125 0.0171875 0.0546875
7 0.728125 0.415625 0.0171875 0.05078125
7 0.80078125 0.07734375 0.0296875 0.10546875
1 0.8453125 0.4875 0.0484375 0.05859375
1 0.8625 0.4890625 0.071875 0.0546875