1 0.059375 0.53984375 0.11875 0.19375
1 0.1578125 0.48828125 0.0953125 0.0640625
1 0.159375 0.48828125 0.08203125 0.0703125
1 0.221875 0.51640625 0.1078125 0.1109375
1 0.22578125 0.5109375 0.0875 0.0953125
1 0.2859375 0.51484375 0.05625 0.0859375
1 0.28984375 0.5125 0.046875 0.0859375
1 0.33125 0.5015625 0.0640625 0.0796875
1 0.33203125 0.5015625 0.05859375 0.078125
1 0.5015625 0.49375 0.05625 0.0859375
1 0.815625 0.4984375 0.1265625 0.078125
1 0.8265625 0.48515625 0.09375 0.05078125
1 0.93671875 0.496875 0.11875 0.0875