1 0.0796875 0.56953125 0.159375 0.2671875
8 0.2078125 0.275 0.0171875 0.0640625
1 0.27265625 0.503125 0.0390625 0.0390625
1 0.3140625 0.49921875 0.025 0.03515625
5 0.31953125 0.265625 0.025 0.06875
1 0.39375 0.49921875 0.0859375 0.1078125
5 0.41015625 0.27265625 0.021875 0.0625
1 0.4390625 0.50703125 0.0390625 0.07421875
1 0.50625 0.5078125 0.0546875 0.08203125
0 0.6140625 0.5046875 0.021875 0.1078125
5 0.6421875 0.38984375 0.0234375 0.0546875
1 0.69921875 0.49296875 0.0703125 0.05625
1 0.8890625 0.5015625 0.15234375 0.0859375