3 0.54296875 0.5140625 0.0390625 0.1109375
3 0.05546875 0.53828125 0.0296875 0.1
3 0.0703125 0.5390625 0.021875 0.0953125
7 0.09453125 0.37578125 0.02734375 0.08203125
3 0.153125 0.5734375 0.0296875 0.31640625
3 0.20234375 0.57734375 0.04296875 0.3265625
3 0.2765625 0.56171875 0.08203125 0.334375
3 0.2859375 0.56875 0.0390625 0.3203125
1 0.35234375 0.5015625 0.040625 0.05625
3 0.4125 0.57421875 0.053125 0.31875
3 0.478125 0.546875 0.0609375 0.25
3 0.46484375 0.54765625 0.02734375 0.2515625
3 0.49375 0.55390625 0.04296875 0.3578125
7 0.575 0.353125 0.0234375 0.0703125
1 0.828125 0.5 0.23828125 0.140625
3 0.8296875 0.54609375 0.0609375 0.2890625
3 0.83125 0.54296875 0.0546875 0.27734375
3 0.871875 0.54296875 0.05859375 0.2953125