0 0.20625 0.4953125 0.046875 0.0796875
0 0.203125 0.4984375 0.040625 0.0640625
8 0.2046875 0.42890625 0.0140625 0.040625
8 0.2046875 0.43125 0.015625 0.0328125
1 0.29765625 0.4984375 0.0796875 0.0609375
1 0.303125 0.49296875 0.07421875 0.0375
1 0.31953125 0.49375 0.07421875 0.078125
8 0.35 0.36640625 0.01953125 0.04296875
8 0.35078125 0.36640625 0.009375 0.03125
1 0.37109375 0.48515625 0.03515625 0.046875
7 0.41328125 0.36015625 0.0171875 0.05078125
7 0.41328125 0.35234375 0.01171875 0.0296875
7 0.5109375 0.415625 0.0140625 0.04296875
7 0.5375 0.365625 0.015625 0.04296875
1 0.6515625 0.465625 0.1171875 0.05859375
1 0.65234375 0.46484375 0.0875 0.05625
3 0.640625 0.48359375 0.02734375 0.103125