1 0.0640625 0.58984375 0.1265625 0.13125
1 0.875 0.528125 0.1234375 0.11328125
1 0.03828125 0.7015625 0.0765625 0.2578125
1 0.1625 0.559375 0.0859375 0.1015625
1 0.221875 0.5625 0.0546875 0.06875
1 0.2265625 0.5609375 0.0640625 0.0921875
7 0.28046875 0.4546875 0.0140625 0.0328125
1 0.33125 0.55078125 0.0484375 0.06875
7 0.31640625 0.421875 0.0171875 0.04296875
1 0.3875 0.55 0.0703125 0.09375
5 0.37421875 0.41484375 0.01953125 0.0390625
5 0.37421875 0.40546875 0.0171875 0.046875
1 0.440625 0.5453125 0.0484375 0.0765625
1 0.440625 0.55390625 0.046875 0.05859375
1 0.48515625 0.53125 0.021875 0.04296875
1 0.5328125 0.5328125 0.0640625 0.05625
3 0.9390625 0.5078125 0.03125 0.12890625