1 0.92578125 0.571875 0.14453125 0.3046875
1 0.0578125 0.546875 0.11328125 0.16015625
1 0.14453125 0.5359375 0.12890625 0.125
1 0.290625 0.5359375 0.08203125 0.0953125
4 0.340625 0.37578125 0.01953125 0.04296875
1 0.3890625 0.5296875 0.0953125 0.125
7 0.41328125 0.37890625 0.021875 0.0453125
7 0.46796875 0.37578125 0.0171875 0.04296875
1 0.55625 0.534375 0.0765625 0.0875
7 0.60234375 0.4375 0.01171875 0.03515625
7 0.60625 0.44140625 0.0171875 0.046875
1 0.684375 0.521875 0.140625 0.146875
7 0.6625 0.38359375 0.0296875 0.078125
1 0.79765625 0.5546875 0.16015625 0.1796875