3 0.778125 0.49140625 0.021875 0.0921875
1 0.021875 0.57109375 0.04296875 0.1078125
1 0.0453125 0.55859375 0.05625 0.1109375
1 0.10546875 0.5453125 0.053125 0.0546875
1 0.14453125 0.5359375 0.04296875 0.05859375
1 0.25 0.528125 0.03125 0.040625
1 0.3640625 0.55390625 0.1328125 0.1953125
1 0.42265625 0.528125 0.04296875 0.07421875
1 0.45390625 0.5375 0.0640625 0.0921875
1 0.52421875 0.5375 0.1328125 0.103125
3 0.6078125 0.48515625 0.0171875 0.05625
3 0.803125 0.48046875 0.021875 0.0859375
3 0.86328125 0.4671875 0.021875 0.078125
3 0.853125 0.515625 0.0703125 0.06875
1 0.94453125 0.57421875 0.109375 0.1796875