7 0.34765625 0.49140625 0.01171875 0.0375
1 0.38671875 0.5265625 0.0859375 0.1265625
1 0.43828125 0.52421875 0.021875 0.078125
1 0.4609375 0.5125 0.04296875 0.053125
1 0.49375 0.5140625 0.0375 0.040625
1 0.49296875 0.5125 0.025 0.03515625
5 0.5125 0.40546875 0.0140625 0.04296875
5 0.5125 0.4109375 0.01171875 0.03515625
1 0.55078125 0.51171875 0.0546875 0.07421875
5 0.68359375 0.4328125 0.015625 0.03125
5 0.6828125 0.4484375 0.01171875 0.0328125
1 0.7671875 0.496875 0.06875 0.04296875
1 0.77265625 0.49921875 0.071875 0.06640625