1 0.5578125 0.51640625 0.0328125 0.0484375
3 0.025 0.6109375 0.0453125 0.4296875
3 0.0265625 0.61015625 0.04296875 0.4375
3 0.0296875 0.54609375 0.015625 0.071875
3 0.0375 0.5453125 0.01953125 0.0765625
3 0.04609375 0.5421875 0.0171875 0.07421875
8 0.05546875 0.4359375 0.0171875 0.0484375
3 0.06171875 0.546875 0.0140625 0.05625
3 0.0640625 0.5453125 0.01171875 0.0765625
3 0.08125 0.53828125 0.0234375 0.0796875
3 0.07734375 0.55 0.0140625 0.0703125
3 0.1015625 0.5390625 0.0171875 0.071875
3 0.11328125 0.5390625 0.0171875 0.071875
1 0.171875 0.525 0.0875 0.07421875
2 0.178125 0.52265625 0.0765625 0.0859375
2 0.24140625 0.51171875 0.05625 0.05625
1 0.2453125 0.515625 0.0625 0.05859375
1 0.246875 0.53203125 0.05625 0.0484375
3 0.33671875 0.60859375 0.1546875 0.38125
3 0.28515625 0.5140625 0.0234375 0.07421875
2 0.32890625 0.48125 0.1 0.146875
8 0.4484375 0.3203125 0.01953125 0.053125
1 0.5015625 0.51953125 0.0453125 0.0625
1 0.50625 0.51640625 0.0484375 0.05625
7 0.51953125 0.32421875 0.021875 0.06875
7 0.65625 0.40703125 0.021875 0.0625
1 0.93125 0.509375 0.13125 0.1