2 0.515625 0.5046875 0.0171875 0.0328125
1 0.015625 0.584375 0.0296875 0.1421875
2 0.0765625 0.5015625 0.1078125 0.0859375
1 0.09375 0.5765625 0.1390625 0.178125
1 0.28515625 0.59296875 0.321875 0.42578125
8 0.31875 0.33203125 0.0171875 0.05078125
7 0.41484375 0.325 0.0140625 0.0390625
7 0.49296875 0.32734375 0.0140625 0.046875
3 0.5421875 0.53046875 0.0140625 0.0703125
1 0.6578125 0.5421875 0.05625 0.0625
1 0.74609375 0.578125 0.2125 0.2109375
7 0.68125 0.41796875 0.0234375 0.0625
7 0.68046875 0.41484375 0.0140625 0.04296875
1 0.8859375 0.5171875 0.1265625 0.0921875
7 0.93125 0.246875 0.0390625 0.1234375
3 0.9640625 0.53984375 0.03515625 0.1171875