1 0.03828125 0.5109375 0.07421875 0.0875
2 0.0375 0.4484375 0.07421875 0.05625
1 0.103125 0.50078125 0.0546875 0.0765625
1 0.1515625 0.49609375 0.05625 0.078125
1 0.1546875 0.496875 0.053125 0.078125
1 0.35859375 0.484375 0.021875 0.03125
1 0.384375 0.4765625 0.0296875 0.040625
1 0.4328125 0.475 0.021875 0.0296875
7 0.45625 0.4125 0.015625 0.0375
8 0.45703125 0.421875 0.01953125 0.040625
4 0.53046875 0.378125 0.0171875 0.0390625
1 0.5421875 0.49140625 0.025 0.03125
9 0.559375 0.421875 0.015625 0.01953125
7 0.5625 0.4203125 0.015625 0.0375
9 0.6265625 0.3875 0.0171875 0.0296875
7 0.62578125 0.39453125 0.015625 0.04296875