3 0.01484375 0.5734375 0.02734375 0.275
1 0.025 0.57734375 0.0375 0.0546875
1 0.059375 0.559375 0.08203125 0.09765625
1 0.06875 0.56328125 0.0609375 0.09765625
1 0.11875 0.5546875 0.040625 0.0703125
1 0.1765625 0.5515625 0.05625 0.07421875
1 0.21796875 0.5546875 0.04296875 0.0609375
1 0.21484375 0.5578125 0.025 0.0484375
1 0.52421875 0.553125 0.0328125 0.0546875
1 0.525 0.5609375 0.0234375 0.0453125
1 0.540625 0.55390625 0.0234375 0.06875
1 0.571875 0.55546875 0.0609375 0.0625
1 0.56875 0.559375 0.046875 0.0765625
1 0.6359375 0.5703125 0.0859375 0.08984375
1 0.7296875 0.571875 0.1 0.0875
1 0.8296875 0.57734375 0.1 0.08203125
1 0.9484375 0.584375 0.06640625 0.0875