2 0.1796875 0.51953125 0.0921875 0.1078125
1 0.20390625 0.5453125 0.0921875 0.06640625
1 0.20390625 0.546875 0.08984375 0.05078125
3 0.2359375 0.53515625 0.01171875 0.07421875
1 0.28515625 0.54765625 0.084375 0.09765625
1 0.33515625 0.5296875 0.0234375 0.03125
1 0.3359375 0.53125 0.021875 0.0296875
8 0.37109375 0.33203125 0.0140625 0.0453125
1 0.4046875 0.55 0.07421875 0.1
7 0.45703125 0.3578125 0.015625 0.0484375
7 0.45625 0.35546875 0.01171875 0.040625
2 0.55 0.49296875 0.19375 0.0953125
3 0.48828125 0.525 0.015625 0.0953125
3 0.496875 0.5265625 0.025 0.0953125
3 0.5015625 0.53125 0.01953125 0.0859375
1 0.56640625 0.528125 0.11328125 0.1546875
1 0.5453125 0.5359375 0.05859375 0.1484375
1 0.6421875 0.56640625 0.1625 0.1875
7 0.5734375 0.42578125 0.01171875 0.025
7 0.575 0.425 0.009375 0.0234375
7 0.7328125 0.334375 0.0171875 0.05859375
7 0.73359375 0.33984375 0.01953125 0.05625
3 0.83671875 0.50859375 0.03515625 0.1109375
3 0.83515625 0.5140625 0.0296875 0.1171875
0 0.91796875 0.4890625 0.0296875 0.0484375