1 0.034375 0.54375 0.05859375 0.071875
1 0.0875 0.540625 0.0375 0.053125
1 0.12890625 0.5375 0.040625 0.0546875
1 0.36328125 0.53828125 0.10546875 0.15
8 0.36875 0.44921875 0.01953125 0.0296875
8 0.36875 0.45390625 0.0140625 0.03125
1 0.41875 0.53203125 0.0375 0.0859375
7 0.44140625 0.41796875 0.015625 0.040625
7 0.440625 0.41328125 0.01171875 0.03125
7 0.46953125 0.45625 0.01953125 0.03125
7 0.4703125 0.4625 0.01171875 0.03125
7 0.52421875 0.43671875 0.0171875 0.05625
7 0.525 0.4265625 0.01171875 0.0375
1 0.721875 0.58203125 0.22265625 0.2328125