1 0.01875 0.578125 0.0375 0.1546875
1 0.01484375 0.5703125 0.02734375 0.1546875
2 0.0765625 0.5015625 0.1078125 0.0859375
1 0.090625 0.57734375 0.13671875 0.1796875
1 0.284375 0.5921875 0.32421875 0.4234375
4 0.31875 0.3296875 0.0171875 0.05078125
7 0.4140625 0.32421875 0.015625 0.040625
7 0.4921875 0.3265625 0.015625 0.0484375
1 0.51484375 0.5265625 0.0390625 0.05625
1 0.559375 0.525 0.0875 0.06640625
1 0.696875 0.565625 0.16796875 0.1796875
3 0.62578125 0.5234375 0.01953125 0.05625
3 0.6265625 0.51640625 0.0140625 0.0390625
7 0.6796875 0.41484375 0.015625 0.04296875
7 0.9296875 0.24921875 0.0484375 0.15234375
3 0.96171875 0.540625 0.03125 0.11875