1 0.0515625 0.57734375 0.103125 0.1796875
3 0.10078125 0.52734375 0.021875 0.03515625
3 0.20625 0.5484375 0.021875 0.1109375
7 0.2359375 0.43671875 0.0140625 0.046875
3 0.24609375 0.54375 0.021875 0.1109375
3 0.2515625 0.54296875 0.0171875 0.1109375
3 0.26171875 0.54609375 0.015625 0.10546875
3 0.28125 0.5390625 0.0140625 0.0875
3 0.28046875 0.54609375 0.01171875 0.1
3 0.29375 0.5375 0.01953125 0.12109375
3 0.3953125 0.5390625 0.0171875 0.0921875
3 0.41328125 0.53203125 0.04296875 0.109375
3 0.403125 0.5328125 0.015625 0.103125
1 0.4859375 0.5203125 0.040625 0.0546875
3 0.528125 0.5234375 0.025 0.103125
3 0.53125 0.52265625 0.02734375 0.109375
7 0.5328125 0.42109375 0.0171875 0.0484375
1 0.56328125 0.55390625 0.053125 0.134375
1 0.646875 0.571875 0.18125 0.2046875
1 0.84296875 0.67578125 0.3109375 0.5015625