1 0.0140625 0.49609375 0.02734375 0.0625
1 0.08203125 0.484375 0.084375 0.078125
1 0.1765625 0.48046875 0.05859375 0.05859375
1 0.3234375 0.440625 0.025 0.025
8 0.38671875 0.2796875 0.0234375 0.08203125
8 0.38671875 0.27734375 0.0171875 0.0625
1 0.509375 0.57734375 0.2359375 0.3046875
7 0.509375 0.2703125 0.021875 0.0625
7 0.6359375 0.29765625 0.025 0.07421875
1 0.728125 0.465625 0.0546875 0.0390625
1 0.8640625 0.559375 0.2671875 0.3921875
7 0.74609375 0.3765625 0.0234375 0.0703125
7 0.7453125 0.378125 0.0171875 0.05078125