1 0.0484375 0.5375 0.096875 0.140625
1 0.115625 0.5203125 0.0375 0.0875
1 0.18671875 0.5296875 0.0703125 0.05078125
1 0.19375 0.52734375 0.06875 0.0625
3 0.175 0.515625 0.0171875 0.0859375
1 0.259375 0.53125 0.053125 0.05625
1 0.25859375 0.53125 0.046875 0.05859375
3 0.28203125 0.51953125 0.0234375 0.0953125
3 0.28203125 0.5171875 0.021875 0.09765625
3 0.30390625 0.515625 0.025 0.1109375
0 0.41328125 0.5265625 0.021875 0.0703125
3 0.4109375 0.53125 0.015625 0.06640625
3 0.41484375 0.5265625 0.009375 0.053125
1 0.55546875 0.5359375 0.10546875 0.078125
1 0.5484375 0.5375 0.0921875 0.0625
1 0.534375 0.5109375 0.0234375 0.1078125
3 0.53828125 0.51953125 0.02734375 0.12109375
1 0.79296875 0.55 0.41015625 0.2171875