1 0.1046875 0.58125 0.1 0.1109375
1 0.1703125 0.565625 0.05625 0.084375
1 0.2078125 0.55625 0.02734375 0.078125
1 0.2953125 0.54296875 0.03125 0.040625
1 0.3609375 0.54609375 0.10546875 0.165625
1 0.4328125 0.53125 0.0296875 0.053125
1 0.5296875 0.55390625 0.0921875 0.1109375
1 0.8265625 0.6984375 0.34375 0.4671875
1 0.82734375 0.7 0.33984375 0.4609375
3 0.6765625 0.53125 0.03125 0.1171875
3 0.67890625 0.53125 0.0328125 0.12890625
3 0.7359375 0.50390625 0.03125 0.109375
3 0.73515625 0.50390625 0.021875 0.1015625