4 0.0609375 0.07109375 0.1 0.1421875
1 0.08671875 0.5328125 0.03125 0.0765625
1 0.45 0.5046875 0.021875 0.046875
1 0.475 0.50390625 0.03515625 0.0484375
1 0.5546875 0.4859375 0.02734375 0.0375
7 0.5640625 0.3640625 0.0171875 0.0484375
4 0.5703125 0.025 0.028125 0.05
7 0.65234375 0.359375 0.0140625 0.0546875
7 0.728125 0.41328125 0.01953125 0.053125
7 0.80078125 0.07890625 0.0296875 0.1109375
1 0.81953125 0.48828125 0.0625 0.0390625
1 0.84453125 0.4859375 0.05078125 0.05625
1 0.8625 0.4890625 0.071875 0.0546875
1 0.92109375 0.4859375 0.103125 0.05625
1 0.89921875 0.4859375 0.040625 0.05625