1 0.17109375 0.546875 0.025 0.0328125
1 0.2015625 0.55390625 0.04296875 0.0625
1 0.20390625 0.5515625 0.0390625 0.0390625
1 0.25625 0.55390625 0.0453125 0.0390625
1 0.3296875 0.54765625 0.0546875 0.05078125
1 0.38984375 0.55546875 0.0484375 0.0546875
5 0.4140625 0.3796875 0.01953125 0.07421875
1 0.54765625 0.59375 0.19140625 0.2828125
5 0.47265625 0.45703125 0.0234375 0.0546875
5 0.475 0.4625 0.0171875 0.046875
5 0.67890625 0.4765625 0.015625 0.0328125
1 0.6984375 0.53828125 0.0453125 0.103125
2 0.79375 0.4734375 0.18125 0.32421875
5 0.92578125 0.33125 0.0296875 0.0875
3 0.93046875 0.5546875 0.025 0.0625
3 0.95625 0.53125 0.021875 0.08984375
3 0.98125 0.528125 0.03515625 0.0859375