1 0.50859375 0.528125 0.134375 0.0703125
1 0.025 0.571875 0.0484375 0.1328125
2 0.08515625 0.5125 0.1109375 0.115625
2 0.08671875 0.5140625 0.10546875 0.1109375
1 0.1234375 0.571875 0.140625 0.1796875
1 0.3109375 0.57109375 0.2875 0.3671875
4 0.32109375 0.3296875 0.01953125 0.046875
7 0.41484375 0.3203125 0.015625 0.040625
7 0.490625 0.32734375 0.015625 0.046875
1 0.725 0.56875 0.19375 0.2015625
7 0.6734375 0.4203125 0.0171875 0.046875
7 0.6734375 0.41484375 0.015625 0.04296875
7 0.90234375 0.259375 0.040625 0.1234375
3 0.95 0.53125 0.03515625 0.11875