2 0.06171875 0.55078125 0.1234375 0.09375
1 0.06328125 0.553125 0.1265625 0.0921875
3 0.05078125 0.56328125 0.0296875 0.078125
2 0.1390625 0.54296875 0.071875 0.08984375
1 0.1390625 0.54765625 0.071875 0.0859375
7 0.13359375 0.4296875 0.02734375 0.0703125
2 0.2 0.5390625 0.0625 0.0390625
1 0.19921875 0.56171875 0.0609375 0.0546875
1 0.303125 0.56328125 0.0765625 0.0875
1 0.3375 0.55625 0.0328125 0.06640625
1 0.49140625 0.55390625 0.0296875 0.06640625
1 0.515625 0.5515625 0.0609375 0.0703125
4 0.5921875 0.3859375 0.0296875 0.078125
7 0.81640625 0.43828125 0.025 0.040625