2 0.04765625 0.53125 0.09375 0.103125
1 0.0671875 0.54765625 0.08203125 0.084375
1 0.13203125 0.5734375 0.0875 0.16796875
1 0.30546875 0.5875 0.29296875 0.4046875
4 0.31640625 0.33984375 0.021875 0.0546875
4 0.41328125 0.32734375 0.025 0.05625
4 0.415625 0.3390625 0.0171875 0.0546875
1 0.4640625 0.51640625 0.08984375 0.103125
1 0.48125 0.51171875 0.009375 0.03125
4 0.4921875 0.33125 0.02734375 0.071875
4 0.49296875 0.3296875 0.0171875 0.046875
1 0.6265625 0.54296875 0.046875 0.1171875
1 0.796875 0.6203125 0.3734375 0.35
4 0.6796875 0.43359375 0.01953125 0.05625
1 0.9421875 0.51953125 0.0796875 0.0765625
1 0.9421875 0.51953125 0.0796875 0.0609375
4 0.93828125 0.259375 0.0484375 0.14453125