1 0.078125 0.55078125 0.15625 0.1734375
1 0.16328125 0.4984375 0.08984375 0.05625
1 0.17265625 0.49296875 0.0875 0.053125
7 0.28828125 0.38359375 0.0453125 0.1390625
7 0.2828125 0.37109375 0.02734375 0.0953125
1 0.33125 0.5078125 0.0796875 0.05859375
1 0.51484375 0.4984375 0.0765625 0.046875
1 0.52265625 0.49296875 0.06640625 0.05625
8 0.575 0.128125 0.0234375 0.0546875
8 0.5765625 0.1421875 0.01953125 0.0625
7 0.58671875 0.375 0.015625 0.046875
7 0.5875 0.371875 0.015625 0.0390625
1 0.6421875 0.4875 0.0765625 0.0625
1 0.64453125 0.48515625 0.078125 0.05625
7 0.6609375 0.3609375 0.0140625 0.0390625
7 0.66328125 0.36328125 0.015625 0.0390625
1 0.69609375 0.48046875 0.03515625 0.053125
7 0.7234375 0.4203125 0.0171875 0.0390625
7 0.7265625 0.41484375 0.0140625 0.02734375
7 0.7375 0.1859375 0.021875 0.0625
7 0.7390625 0.18671875 0.01953125 0.05625
1 0.86640625 0.5921875 0.26171875 0.33984375
1 0.86796875 0.6 0.259375 0.353125
7 0.93828125 0.3421875 0.0234375 0.0609375
3 0.9921875 0.5109375 0.0140625 0.078125