1 0.046875 0.57890625 0.09375 0.16796875
1 0.1546875 0.5390625 0.053125 0.053125
1 0.22578125 0.5703125 0.1421875 0.1546875
8 0.2234375 0.396875 0.021875 0.0546875
8 0.284375 0.3546875 0.01953125 0.0625
1 0.346875 0.53125 0.040625 0.0609375
1 0.3875 0.5328125 0.06640625 0.08984375
9 0.36796875 0.3140625 0.0234375 0.05859375
9 0.51953125 0.425 0.0140625 0.040625
3 0.53203125 0.50859375 0.0234375 0.0859375
1 0.6203125 0.521875 0.09765625 0.0640625
1 0.684375 0.51953125 0.0859375 0.06875
1 0.7484375 0.5171875 0.1109375 0.0859375
1 0.75859375 0.51875 0.1265625 0.078125
1 0.80078125 0.46875 0.0953125 0.040625
1 0.896875 0.490625 0.0875 0.0640625