1 0.0578125 0.5046875 0.06640625 0.1078125
1 0.14453125 0.5046875 0.209375 0.290625
2 0.1421875 0.5015625 0.19375 0.2484375
8 0.0765625 0.2609375 0.03125 0.0921875
8 0.0765625 0.25703125 0.0234375 0.0640625
8 0.18046875 0.2515625 0.025 0.084375
4 0.18046875 0.24296875 0.01953125 0.06640625
1 0.36328125 0.534375 0.103125 0.14453125
5 0.3328125 0.25703125 0.0328125 0.084375
5 0.3296875 0.25859375 0.01953125 0.05625
5 0.43359375 0.28046875 0.0328125 0.078125
5 0.440625 0.26875 0.025 0.078125
1 0.5109375 0.54375 0.06875 0.0953125
5 0.67109375 0.3953125 0.03125 0.078125
5 0.665625 0.4015625 0.0171875 0.0640625