1 0.134375 0.48359375 0.2671875 0.6265625
2 0.13203125 0.484375 0.26171875 0.61875
8 0.353125 0.30078125 0.01953125 0.071875
1 0.5015625 0.61015625 0.31640625 0.421875
8 0.353125 0.284375 0.015625 0.0390625
7 0.47578125 0.24140625 0.0171875 0.0625
0 0.64921875 0.4796875 0.03125 0.10546875
7 0.6453125 0.36328125 0.01953125 0.04296875
0 0.64921875 0.4859375 0.02734375 0.09765625
1 0.73515625 0.48828125 0.084375 0.0546875
1 0.86640625 0.590625 0.2640625 0.35
7 0.9796875 0.23046875 0.0296875 0.0796875
7 0.98828125 0.20390625 0.021875 0.04296875