3 0.9875 0.53046875 0.025 0.165625
1 0.121875 0.54375 0.071875 0.071875
1 0.1796875 0.53828125 0.0484375 0.0625
1 0.3296875 0.6546875 0.3265625 0.428125
8 0.28046875 0.28046875 0.0234375 0.06640625
7 0.39140625 0.28828125 0.0234375 0.0765625
3 0.50078125 0.52734375 0.02734375 0.0859375
3 0.525 0.51953125 0.01953125 0.0765625
3 0.540625 0.51875 0.0171875 0.07421875
7 0.5640625 0.41328125 0.025 0.0703125
3 0.63203125 0.5296875 0.0296875 0.0953125
0 0.65703125 0.525 0.0328125 0.0875
3 0.68671875 0.53046875 0.021875 0.0765625
3 0.70390625 0.5234375 0.01953125 0.0859375
3 0.725 0.521875 0.01953125 0.0859375
3 0.77265625 0.52265625 0.02734375 0.0875
3 0.8046875 0.52265625 0.03515625 0.0859375
3 0.8078125 0.5234375 0.0296875 0.0796875