1 0.1796875 0.5171875 0.12109375 0.10546875
1 0.24609375 0.50625 0.040625 0.0640625
1 0.275 0.5015625 0.0484375 0.0609375
1 0.2796875 0.5 0.02734375 0.0390625
4 0.28515625 0.06171875 0.021875 0.09375
1 0.3046875 0.5 0.0234375 0.04296875
1 0.31640625 0.496875 0.025 0.0453125
1 0.3421875 0.50078125 0.0296875 0.0390625
1 0.3609375 0.49609375 0.025 0.0453125
1 0.409375 0.5 0.05625 0.0625
5 0.42578125 0.08984375 0.025 0.08984375
1 0.44453125 0.5015625 0.02734375 0.053125
1 0.52265625 0.49140625 0.1109375 0.071875
1 0.5515625 0.51640625 0.134375 0.07421875