1 0.2390625 0.45625 0.04296875 0.0390625
1 0.23515625 0.465625 0.02734375 0.04296875
1 0.26484375 0.4578125 0.01953125 0.0328125
1 0.29609375 0.4625 0.025 0.0328125
1 0.30078125 0.46484375 0.02734375 0.040625
1 0.340625 0.4640625 0.03515625 0.04296875
1 0.3390625 0.46875 0.02734375 0.04296875
1 0.3609375 0.45703125 0.01953125 0.0296875
1 0.521875 0.48046875 0.04296875 0.04296875
1 0.58203125 0.4796875 0.046875 0.053125
7 0.659375 0.4 0.0140625 0.0234375
7 0.6578125 0.4125 0.01171875 0.040625
1 0.68125 0.46171875 0.03125 0.02734375
0 0.68359375 0.48359375 0.01953125 0.05078125