1 0.86015625 0.4875 0.06875 0.0453125
1 0.9140625 0.4890625 0.09375 0.0484375
4 0.06328125 0.06875 0.0875 0.134375
1 0.2171875 0.521875 0.13125 0.1265625
1 0.40546875 0.5 0.08984375 0.0546875
1 0.41328125 0.4984375 0.09765625 0.0609375
1 0.4734375 0.49375 0.04296875 0.053125
1 0.475 0.4953125 0.02734375 0.0375
4 0.571875 0.02734375 0.0296875 0.053125
7 0.565625 0.36328125 0.015625 0.046875
1 0.58984375 0.490625 0.05859375 0.040625
1 0.590625 0.496875 0.0375 0.05078125
7 0.653125 0.35859375 0.0171875 0.05078125
7 0.65234375 0.3578125 0.009375 0.0390625
1 0.72578125 0.5 0.1234375 0.07421875
7 0.728125 0.41875 0.0140625 0.0484375
1 0.80390625 0.48046875 0.08984375 0.06875
7 0.80078125 0.075 0.0296875 0.09375