3 0.46953125 0.52421875 0.01953125 0.1234375
3 0.45 0.534375 0.021875 0.11875
3 0.39765625 0.53203125 0.0171875 0.09375
4 0.01640625 0.3578125 0.03125 0.1015625
1 0.18046875 0.5515625 0.09765625 0.1
1 0.17890625 0.5546875 0.0875 0.09375
1 0.25703125 0.5390625 0.06875 0.0765625
1 0.303125 0.53203125 0.0453125 0.053125
3 0.42109375 0.52734375 0.025 0.125
4 0.5203125 0.3171875 0.0375 0.10546875
3 0.64375 0.62109375 0.25390625 0.7046875
1 0.7921875 0.49296875 0.2046875 0.19375
3 0.86796875 0.434375 0.0453125 0.053125