1 0.7875 0.50078125 0.06640625 0.05625
1 0.0375 0.59296875 0.071875 0.09765625
1 0.1234375 0.5734375 0.0765625 0.0703125
1 0.196875 0.55390625 0.05859375 0.078125
1 0.2375 0.55546875 0.0328125 0.0484375
1 0.2796875 0.53984375 0.07421875 0.084375
4 0.25703125 0.3375 0.025 0.0546875
1 0.3953125 0.565625 0.16015625 0.21484375
5 0.32890625 0.315625 0.0171875 0.0546875
5 0.4 0.33125 0.015625 0.053125
5 0.51875 0.425 0.015625 0.04296875
1 0.6125 0.5171875 0.05078125 0.06875
1 0.68828125 0.53203125 0.13125 0.1109375
5 0.7578125 0.16875 0.06875 0.1796875