1 0.1421875 0.478125 0.115625 0.103125
1 0.14765625 0.47578125 0.11875 0.12890625
1 0.2796875 0.4921875 0.134375 0.15234375
8 0.2671875 0.34296875 0.021875 0.0546875
8 0.271875 0.34453125 0.01953125 0.04296875
5 0.34453125 0.3375 0.01953125 0.0453125
5 0.346875 0.3375 0.0171875 0.04296875
1 0.3578125 0.49921875 0.040625 0.0921875
1 0.3640625 0.49921875 0.03515625 0.10546875
5 0.403125 0.34375 0.015625 0.0375
5 0.40703125 0.340625 0.0171875 0.0453125
1 0.4546875 0.496875 0.078125 0.10546875
0 0.534375 0.49375 0.025 0.0765625
0 0.540625 0.49375 0.025 0.078125
5 0.54765625 0.41484375 0.0140625 0.03125
1 0.59765625 0.4734375 0.0484375 0.046875
5 0.5890625 0.378125 0.01953125 0.06640625
5 0.58671875 0.371875 0.015625 0.0484375
1 0.9125 0.45703125 0.0484375 0.04296875