1 0.00859375 0.590625 0.0171875 0.1875
1 0.09375 0.58203125 0.1265625 0.1734375
2 0.08984375 0.4796875 0.10546875 0.07421875
1 0.28515625 0.58984375 0.3265625 0.415625
4 0.31640625 0.328125 0.01953125 0.05625
7 0.4140625 0.3265625 0.01953125 0.0484375
1 0.4796875 0.51953125 0.0390625 0.0453125
1 0.4796875 0.5203125 0.0296875 0.0453125
7 0.49140625 0.32734375 0.01953125 0.05625
1 0.5375 0.528125 0.05078125 0.0625
3 0.61015625 0.51875 0.0140625 0.0390625
1 0.65234375 0.5578125 0.0796875 0.1640625
1 0.81328125 0.64375 0.3671875 0.4375
7 0.67890625 0.41796875 0.0171875 0.0484375
1 0.87578125 0.45234375 0.23046875 0.103125
2 0.928125 0.465625 0.1390625 0.1109375
7 0.9296875 0.25703125 0.053125 0.15625