1 0.2328125 0.496875 0.03515625 0.0453125
1 0.2609375 0.49921875 0.0328125 0.04296875
1 0.39921875 0.51640625 0.1078125 0.15625
5 0.42578125 0.3875 0.0171875 0.03125
5 0.4265625 0.39453125 0.015625 0.03125
5 0.46171875 0.4125 0.015625 0.02734375
5 0.46171875 0.40234375 0.0140625 0.03125
5 0.53203125 0.45703125 0.01171875 0.01953125
5 0.5375 0.4453125 0.01953125 0.0375
5 0.53828125 0.43671875 0.0140625 0.0234375
1 0.5875 0.50859375 0.06640625 0.0703125
1 0.725 0.53515625 0.13125 0.13671875
1 0.74921875 0.46484375 0.0484375 0.04296875