3 0.0125 0.553125 0.025 0.08203125
3 0.0453125 0.55078125 0.015625 0.06640625
3 0.0484375 0.5515625 0.0171875 0.078125
3 0.059375 0.5484375 0.015625 0.071875
1 0.1203125 0.540625 0.078125 0.08203125
1 0.1765625 0.53984375 0.05078125 0.05078125
1 0.17890625 0.53984375 0.046875 0.06640625
1 0.3296875 0.65234375 0.33203125 0.421875
8 0.28046875 0.27734375 0.021875 0.06640625
7 0.38984375 0.2859375 0.021875 0.071875
3 0.45 0.490625 0.0375 0.09375
0 0.509375 0.53046875 0.0328125 0.07421875
3 0.534375 0.515625 0.0171875 0.06640625
3 0.55859375 0.525 0.0171875 0.078125
7 0.56328125 0.41015625 0.025 0.0640625
3 0.58125 0.51953125 0.0171875 0.08203125
3 0.60078125 0.5203125 0.01953125 0.06875
0 0.6625 0.53046875 0.025 0.08984375
1 0.87109375 0.52265625 0.1703125 0.1015625