1 0.3015625 0.63203125 0.1953125 0.203125
1 0.43046875 0.61015625 0.0796875 0.10546875
3 0.490625 0.57109375 0.0171875 0.071875
3 0.50703125 0.571875 0.015625 0.06875
3 0.55546875 0.56640625 0.0171875 0.07421875
3 0.56171875 0.565625 0.01953125 0.0609375
1 0.596875 0.57734375 0.04296875 0.0625
1 0.7484375 0.559375 0.0609375 0.08203125
1 0.79296875 0.5578125 0.0234375 0.0453125
1 0.82734375 0.56328125 0.03515625 0.0703125
1 0.8796875 0.58984375 0.0375 0.109375
1 0.9234375 0.61015625 0.1 0.17578125
1 0.96484375 0.65 0.06640625 0.2359375