1 0.2609375 0.528125 0.046875 0.05625
1 0.3046875 0.5484375 0.0921875 0.1
1 0.41875 0.5390625 0.06640625 0.0953125
5 0.4 0.40703125 0.01171875 0.03125
5 0.4015625 0.409375 0.01171875 0.025
5 0.4484375 0.41328125 0.009375 0.0234375
5 0.44921875 0.41796875 0.01171875 0.02734375
5 0.49921875 0.46875 0.0140625 0.03125
5 0.5109375 0.45234375 0.009375 0.03515625
5 0.5140625 0.453125 0.009375 0.0328125
3 0.53125 0.528125 0.0140625 0.0640625
3 0.53125 0.52734375 0.01171875 0.06640625
3 0.53984375 0.5265625 0.0140625 0.0703125
3 0.53984375 0.53125 0.01171875 0.0640625
3 0.553125 0.525 0.0171875 0.0703125
3 0.55546875 0.525 0.0140625 0.06640625
3 0.5671875 0.5234375 0.0140625 0.0875
3 0.56875 0.521875 0.01171875 0.06640625