1 0.1265625 0.515625 0.025 0.053125
1 0.1578125 0.5046875 0.06640625 0.0546875
1 0.16484375 0.50625 0.071875 0.071875
1 0.2375 0.50703125 0.046875 0.0609375
1 0.240625 0.503125 0.046875 0.05078125
1 0.27265625 0.50390625 0.0296875 0.03125
1 0.346875 0.4984375 0.0375 0.05625
7 0.3421875 0.46796875 0.0171875 0.025
7 0.4109375 0.446875 0.015625 0.03125
5 0.4609375 0.4015625 0.015625 0.0328125
1 0.52734375 0.4984375 0.03515625 0.04296875
1 0.528125 0.5046875 0.0328125 0.04296875
5 0.5515625 0.45 0.01171875 0.0375
5 0.559375 0.4515625 0.01171875 0.0296875
1 0.60859375 0.5171875 0.06875 0.0921875
2 0.63203125 0.46875 0.05625 0.0625