2 0.065625 0.5515625 0.13125 0.0875
1 0.06640625 0.55546875 0.1328125 0.0875
3 0.05078125 0.57421875 0.025 0.071875
2 0.1390625 0.546875 0.071875 0.084375
1 0.13984375 0.55390625 0.071875 0.0859375
4 0.134375 0.43046875 0.021875 0.06875
2 0.2 0.54375 0.0625 0.0390625
1 0.19921875 0.56171875 0.0609375 0.0546875
1 0.303125 0.56875 0.07421875 0.0796875
1 0.33671875 0.5625 0.03515625 0.06640625
1 0.49296875 0.559375 0.0296875 0.06640625
1 0.51484375 0.565625 0.0609375 0.0703125
4 0.5921875 0.39453125 0.0296875 0.08203125
7 0.81875 0.4453125 0.025 0.040625