3 0.53828125 0.49296875 0.00625 0.03125
1 0.1609375 0.55390625 0.25625 0.24609375
1 0.30390625 0.496875 0.05078125 0.0484375
8 0.29765625 0.32109375 0.0234375 0.0609375
1 0.30546875 0.49375 0.0375 0.0453125
1 0.36875 0.49140625 0.0296875 0.040625
5 0.3796875 0.3171875 0.01953125 0.0546875
5 0.3828125 0.33203125 0.015625 0.0296875
5 0.44453125 0.33671875 0.01953125 0.04296875
5 0.44453125 0.346875 0.0140625 0.02734375
1 0.503125 0.49140625 0.03125 0.0390625
5 0.5734375 0.4125 0.01953125 0.0390625
5 0.571875 0.4265625 0.0140625 0.0296875
1 0.59453125 0.49375 0.0453125 0.05078125
1 0.5953125 0.49140625 0.0328125 0.05078125
5 0.59453125 0.3828125 0.021875 0.05859375
5 0.596875 0.38984375 0.01953125 0.0390625
1 0.71875 0.48125 0.1265625 0.0703125
1 0.86796875 0.48046875 0.1109375 0.0625