4 0.06171875 0.0703125 0.08984375 0.13671875
1 0.11328125 0.5265625 0.11875 0.11328125
1 0.165625 0.5046875 0.0875 0.084375
2 0.2 0.49140625 0.05625 0.0875
1 0.4515625 0.4953125 0.021875 0.046875
1 0.47578125 0.49921875 0.03515625 0.0484375
1 0.58515625 0.4953125 0.1265625 0.08984375
4 0.5703125 0.025 0.028125 0.05
7 0.565625 0.3640625 0.015625 0.0484375
7 0.653125 0.3578125 0.0171875 0.05078125
7 0.728125 0.41796875 0.0140625 0.0484375
7 0.80078125 0.075 0.0296875 0.0953125
1 0.86328125 0.4921875 0.08203125 0.05078125
1 0.8625 0.4890625 0.071875 0.0546875
1 0.92109375 0.4859375 0.103125 0.05625
1 0.91796875 0.48125 0.05625 0.05625