3 0.5734375 0.5171875 0.02734375 0.06875
3 0.54375 0.525 0.015625 0.0703125
0 0.06328125 0.5515625 0.0609375 0.0875
3 0.059375 0.5203125 0.0171875 0.03125
1 0.1234375 0.53828125 0.07421875 0.078125
3 0.10078125 0.54765625 0.0140625 0.06640625
1 0.18046875 0.540625 0.053125 0.053125
1 0.17890625 0.53984375 0.046875 0.06640625
1 0.3296875 0.653125 0.334375 0.4203125
8 0.28125 0.27734375 0.021875 0.06640625
7 0.390625 0.2859375 0.021875 0.071875
3 0.509375 0.53125 0.03515625 0.0875
0 0.509375 0.53046875 0.0328125 0.07421875
7 0.56328125 0.41015625 0.0234375 0.0640625
0 0.6296875 0.525 0.0609375 0.0875
0 0.6609375 0.528125 0.025 0.08984375
0 0.6640625 0.51953125 0.025 0.0796875
1 0.76640625 0.53515625 0.1578125 0.09375
1 0.96171875 0.515625 0.07421875 0.0859375