2 0.0609375 0.51171875 0.12109375 0.1171875
1 0.03828125 0.5390625 0.0453125 0.0546875
1 0.09375 0.58125 0.1265625 0.178125
1 0.28984375 0.59375 0.31640625 0.415625
4 0.31640625 0.33203125 0.01953125 0.0609375
7 0.4140625 0.3265625 0.0234375 0.0546875
7 0.415625 0.3359375 0.0171875 0.0546875
7 0.4921875 0.32890625 0.0234375 0.06875
7 0.49296875 0.328125 0.0171875 0.046875
1 0.51484375 0.53125 0.040625 0.07421875
1 0.5140625 0.52265625 0.0375 0.0546875
1 0.63125 0.54296875 0.0453125 0.1171875
1 0.79765625 0.62890625 0.375 0.3609375
7 0.67890625 0.4234375 0.01953125 0.0546875
1 0.9421875 0.51953125 0.0796875 0.0609375
7 0.9328125 0.2578125 0.0546875 0.1578125
3 0.96015625 0.5234375 0.025 0.06640625