1 0.1109375 0.575 0.1625 0.146875
1 0.25390625 0.540625 0.071875 0.0875
1 0.35078125 0.63125 0.240625 0.2890625
5 0.246875 0.4265625 0.0171875 0.05078125
1 0.459375 0.54296875 0.1109375 0.1796875
1 0.503125 0.5296875 0.0484375 0.109375
1 0.5578125 0.525 0.1078125 0.1
5 0.5171875 0.40703125 0.01953125 0.05859375
1 0.56953125 0.521875 0.1078125 0.084375
3 0.565625 0.52734375 0.0296875 0.125
3 0.5796875 0.53125 0.015625 0.140625
3 0.5953125 0.5234375 0.0296875 0.11328125
3 0.6359375 0.51953125 0.02734375 0.109375
3 0.7203125 0.49921875 0.0171875 0.0859375
3 0.75078125 0.5046875 0.0453125 0.07421875
1 0.89765625 0.60234375 0.203125 0.525