2 0.06171875 0.478125 0.12109375 0.1546875
1 0.11796875 0.5578125 0.0921875 0.0921875
1 0.184375 0.47734375 0.14453125 0.11875
2 0.17890625 0.5015625 0.084375 0.13671875
1 0.2859375 0.61875 0.259375 0.30859375
2 0.3984375 0.5109375 0.12109375 0.19921875
1 0.4328125 0.51484375 0.084375 0.2671875
1 0.5046875 0.5296875 0.05078125 0.0640625
1 0.553125 0.5265625 0.046875 0.15625
1 0.578125 0.521875 0.09375 0.1265625
1 0.65 0.55390625 0.165625 0.1640625
2 0.7390625 0.47578125 0.11875 0.1875
1 0.75 0.47578125 0.0875 0.1484375