2 0.059375 0.43359375 0.11875 0.25
3 0.2765625 0.53203125 0.015625 0.05859375
3 0.278125 0.5296875 0.0140625 0.0640625
3 0.2953125 0.528125 0.015625 0.06640625
3 0.2984375 0.53125 0.0171875 0.071875
3 0.328125 0.52265625 0.0140625 0.0484375
0 0.409375 0.51953125 0.0171875 0.046875
0 0.409375 0.525 0.0171875 0.046875
0 0.4796875 0.51875 0.02734375 0.0953125
1 0.53828125 0.515625 0.05078125 0.05859375
3 0.61015625 0.51171875 0.01171875 0.0390625
3 0.6125 0.5125 0.009375 0.0390625
3 0.70234375 0.51640625 0.025 0.1265625