1 0.05625 0.51875 0.084375 0.0703125
1 0.12421875 0.50859375 0.08984375 0.0859375
4 0.14375 0.2328125 0.021875 0.06640625
1 0.3890625 0.671875 0.478125 0.5328125
1 0.1953125 0.49375 0.07421875 0.0859375
2 0.1953125 0.4921875 0.06875 0.0765625
7 0.309375 0.22265625 0.021875 0.071875
4 0.45 0.23515625 0.0234375 0.08203125
1 0.65234375 0.5046875 0.2046875 0.12109375
7 0.66875 0.36328125 0.02734375 0.0609375
7 0.66875 0.35078125 0.0140625 0.0390625
7 0.95625 0.078125 0.07421875 0.15
7 0.95234375 0.065625 0.04296875 0.13125