1 0.090625 0.503125 0.0625 0.03515625
1 0.23359375 0.48515625 0.046875 0.0453125
1 0.2828125 0.4890625 0.0375 0.0484375
1 0.3296875 0.4890625 0.0390625 0.05859375
1 0.32890625 0.4890625 0.03515625 0.0390625
1 0.37890625 0.496875 0.04296875 0.053125
6 0.36796875 0.36640625 0.0140625 0.0484375
6 0.36796875 0.3671875 0.015625 0.0390625
1 0.4328125 0.5 0.04296875 0.053125
5 0.4234375 0.36640625 0.01171875 0.04296875
5 0.428125 0.371875 0.0171875 0.040625
1 0.4515625 0.48828125 0.0296875 0.04296875
1 0.49609375 0.49140625 0.0296875 0.046875
5 0.58125 0.434375 0.0171875 0.03515625
5 0.58125 0.434375 0.0140625 0.0328125
3 0.6296875 0.49921875 0.02734375 0.071875
5 0.64921875 0.39765625 0.0171875 0.05859375
5 0.65 0.4 0.0140625 0.0546875
2 0.81875 0.44609375 0.04296875 0.09375
2 0.8625 0.41875 0.084375 0.1015625
2 0.9265625 0.41796875 0.140625 0.13125