1 0.06328125 0.56953125 0.1265625 0.15625
8 0.2515625 0.353125 0.015625 0.040625
8 0.25078125 0.35234375 0.01171875 0.03125
1 0.2625 0.5390625 0.02734375 0.0296875
1 0.2640625 0.5375 0.0296875 0.040625
1 0.31640625 0.52421875 0.021875 0.021875
1 0.3296875 0.51953125 0.0171875 0.01953125
5 0.3453125 0.34375 0.015625 0.04296875
5 0.3453125 0.35 0.01171875 0.0390625
1 0.3703125 0.5171875 0.03515625 0.053125
1 0.3953125 0.5140625 0.02734375 0.0328125
1 0.4203125 0.534375 0.053125 0.06875
5 0.5046875 0.4296875 0.0140625 0.0328125
5 0.50703125 0.434375 0.01171875 0.03125
1 0.6671875 0.503125 0.115625 0.09375
1 0.67890625 0.503125 0.13671875 0.08984375
1 0.7515625 0.503125 0.12890625 0.0875
1 0.76171875 0.50703125 0.125 0.084375
1 0.85078125 0.45625 0.0296875 0.03125