2 0.3484375 0.521875 0.078125 0.08984375
6 0.34765625 0.49140625 0.025 0.071875
1 0.38125 0.5328125 0.053125 0.07421875
1 0.4203125 0.559375 0.0859375 0.0875
4 0.478125 0.45703125 0.01171875 0.0375
1 0.5546875 0.540625 0.0609375 0.06875
4 0.590625 0.38984375 0.0171875 0.0609375
1 0.6 0.525 0.025 0.053125
1 0.6234375 0.5375 0.046875 0.0625
1 0.66796875 0.54296875 0.07421875 0.0796875
1 0.67109375 0.54296875 0.071875 0.078125
5 0.67890625 0.45703125 0.01171875 0.0328125
1 0.80078125 0.56953125 0.1859375 0.1796875
5 0.76640625 0.41875 0.01953125 0.0484375