5 0.25859375 0.440625 0.0171875 0.0390625
3 0.4171875 0.496875 0.021875 0.0921875
3 0.421875 0.49296875 0.01953125 0.0859375
6 0.44453125 0.4140625 0.015625 0.0390625
5 0.446875 0.4203125 0.0171875 0.0328125
1 0.553125 0.4953125 0.03515625 0.0609375
1 0.553125 0.496875 0.0296875 0.0390625
5 0.6078125 0.41875 0.01953125 0.03515625
5 0.60625 0.4234375 0.0140625 0.040625
1 0.78203125 0.490625 0.09765625 0.05625
1 0.78203125 0.48828125 0.0953125 0.046875
3 0.90703125 0.50859375 0.04296875 0.1546875
3 0.9046875 0.51484375 0.03125 0.16015625