1 0.01640625 0.71875 0.0328125 0.115625
1 0.04296875 0.6984375 0.0328125 0.06640625
1 0.06328125 0.703125 0.0453125 0.0875
1 0.13203125 0.70234375 0.08203125 0.078125
1 0.184375 0.6953125 0.0453125 0.06640625
1 0.1859375 0.69453125 0.0296875 0.06875
1 0.528125 0.6828125 0.03515625 0.05859375
1 0.5328125 0.68671875 0.0390625 0.05078125
1 0.55859375 0.6875 0.0328125 0.06875
1 0.58671875 0.7 0.05859375 0.078125
1 0.58984375 0.69609375 0.0640625 0.078125
1 0.6703125 0.7171875 0.11328125 0.11328125
1 0.7921875 0.7234375 0.11328125 0.1109375
1 0.903125 0.72578125 0.1265625 0.109375