1 0.846875 0.60625 0.3046875 0.2890625
8 0.159375 0.4296875 0.01171875 0.0296875
8 0.16484375 0.43671875 0.01171875 0.046875
1 0.23515625 0.496875 0.05625 0.05078125
1 0.31640625 0.5046875 0.071875 0.0796875
1 0.3234375 0.5046875 0.06640625 0.0859375
8 0.37109375 0.34375 0.01953125 0.05078125
7 0.371875 0.33125 0.01953125 0.03125
1 0.428125 0.49140625 0.0453125 0.05859375
5 0.446875 0.34453125 0.01953125 0.046875
5 0.45 0.3546875 0.01953125 0.025
5 0.571875 0.42890625 0.021875 0.02734375
5 0.57734375 0.415625 0.0234375 0.05859375
1 0.6578125 0.559375 0.0875 0.203125
1 0.69375 0.54375 0.1484375 0.1578125
5 0.64765625 0.39140625 0.021875 0.0609375
5 0.64765625 0.3984375 0.021875 0.0234375