1 0.08671875 0.615625 0.1734375 0.328125
1 0.25859375 0.55390625 0.2359375 0.165625
1 0.3359375 0.58203125 0.0921875 0.1953125
1 0.3953125 0.559375 0.0921875 0.12890625
1 0.42890625 0.5484375 0.0859375 0.1015625
1 0.45234375 0.53515625 0.0765625 0.09765625
1 0.45390625 0.57109375 0.0390625 0.0875
1 0.49375 0.540625 0.071875 0.0875
1 0.5421875 0.54296875 0.021875 0.0546875
1 0.56953125 0.521875 0.0296875 0.07421875
1 0.84453125 0.534375 0.025 0.05859375
1 0.86328125 0.5546875 0.0234375 0.07421875
1 0.8875 0.559375 0.02734375 0.06640625
1 0.9171875 0.54765625 0.03125 0.11875
1 0.94921875 0.559375 0.053125 0.15625
1 0.97734375 0.596875 0.0453125 0.1078125