1 0.93359375 0.47734375 0.1 0.0796875
1 0.025 0.52421875 0.05 0.0671875
1 0.221875 0.5015625 0.05625 0.0703125
4 0.20703125 0.2859375 0.0171875 0.0484375
1 0.29609375 0.525 0.13125 0.1390625
5 0.31171875 0.26484375 0.021875 0.046875
5 0.31328125 0.26875 0.0234375 0.0640625
5 0.40234375 0.27265625 0.0171875 0.0546875
1 0.45625 0.49140625 0.03125 0.040625
1 0.49609375 0.496875 0.0609375 0.078125
5 0.621875 0.3828125 0.01953125 0.04296875
1 0.7046875 0.49296875 0.0453125 0.0640625
5 0.70703125 0.28046875 0.0296875 0.09765625
1 0.7625 0.49140625 0.0875 0.071875
1 0.85625 0.484375 0.1234375 0.0859375