1 0.07109375 0.52265625 0.1421875 0.1578125
7 0.07109375 0.08515625 0.109375 0.15625
1 0.1765625 0.4984375 0.1 0.0609375
1 0.2640625 0.52421875 0.1328125 0.10546875
1 0.35 0.496875 0.0796875 0.0546875
1 0.4546875 0.49921875 0.040625 0.0453125
1 0.490625 0.4984375 0.02734375 0.04296875
4 0.56640625 0.36015625 0.0140625 0.05078125
1 0.6609375 0.48828125 0.0625 0.07421875
4 0.65234375 0.35546875 0.015625 0.040625
1 0.7328125 0.50859375 0.08203125 0.0859375
1 0.71171875 0.46796875 0.0375 0.03515625
5 0.72578125 0.4140625 0.0171875 0.0484375
1 0.8609375 0.50859375 0.1546875 0.14453125
4 0.80078125 0.07421875 0.025 0.0921875