2 0.05859375 0.49140625 0.1171875 0.1859375
2 0.06171875 0.4859375 0.1234375 0.1796875
1 0.1171875 0.56328125 0.10546875 0.1109375
1 0.1734375 0.46875 0.1171875 0.12109375
2 0.184375 0.496875 0.13125 0.15625
1 0.28984375 0.62421875 0.26171875 0.33203125
2 0.403125 0.5296875 0.12890625 0.19140625
1 0.43359375 0.51953125 0.078125 0.259375
1 0.50859375 0.5375 0.05625 0.0796875
1 0.53125 0.5328125 0.0296875 0.1109375
1 0.5859375 0.5296875 0.1078125 0.15234375
1 0.6546875 0.559375 0.1734375 0.17578125
2 0.75390625 0.4875 0.1078125 0.1890625