1 0.184375 0.63671875 0.36875 0.63125
1 0.3953125 0.57734375 0.1421875 0.2171875
8 0.346875 0.43671875 0.01953125 0.05625
5 0.475 0.3578125 0.015625 0.0546875
1 0.5109375 0.5375 0.03125 0.0390625
4 0.52421875 0.43046875 0.0171875 0.05078125
4 0.70390625 0.31328125 0.040625 0.11875
3 0.7 0.52734375 0.009375 0.06875
3 0.709375 0.5265625 0.021875 0.0625
3 0.72265625 0.51875 0.015625 0.053125
3 0.7296875 0.528125 0.021875 0.0765625
1 0.90234375 0.53515625 0.1109375 0.109375
1 0.86875 0.55390625 0.04296875 0.0703125
1 0.940625 0.54375 0.1078125 0.1109375
1 0.9265625 0.55078125 0.06640625 0.0859375
1 0.97265625 0.534375 0.053125 0.1015625