1 0.01953125 0.496875 0.03515625 0.05625
1 0.05859375 0.48828125 0.03515625 0.05078125
8 0.096875 0.371875 0.01953125 0.04296875
7 0.1 0.36328125 0.01953125 0.0375
1 0.14375 0.496875 0.0484375 0.05859375
7 0.1578125 0.36640625 0.01953125 0.0328125
7 0.15703125 0.37421875 0.0140625 0.040625
1 0.17890625 0.4828125 0.0296875 0.0484375
1 0.18046875 0.48515625 0.0296875 0.05078125
1 0.20625 0.4890625 0.0609375 0.0640625
1 0.2078125 0.48515625 0.05078125 0.06875
7 0.2328125 0.425 0.0140625 0.0296875
7 0.23515625 0.428125 0.0140625 0.03125
1 0.25703125 0.48515625 0.02734375 0.0625
1 0.284375 0.48515625 0.0546875 0.06640625
1 0.28828125 0.4875 0.05859375 0.08203125
1 0.353125 0.49375 0.1078125 0.134375
1 0.42890625 0.490625 0.06875 0.0796875
1 0.4953125 0.51875 0.05625 0.0953125
1 0.58125 0.509375 0.12890625 0.15625
1 0.56171875 0.51484375 0.084375 0.1640625
1 0.6671875 0.546875 0.146875 0.25625
1 0.690625 0.52265625 0.18359375 0.1953125
1 0.8640625 0.60546875 0.2671875 0.32421875
1 0.865625 0.6 0.2515625 0.30078125