1 0.04375 0.4875 0.0875 0.2671875
2 0.1375 0.41796875 0.19140625 0.290625
1 0.265625 0.471875 0.1265625 0.16015625
1 0.3390625 0.490625 0.03125 0.0703125
7 0.3421875 0.3609375 0.01953125 0.0328125
7 0.3453125 0.37109375 0.0140625 0.03515625
1 0.365625 0.4875 0.021875 0.0453125
1 0.4046875 0.48125 0.06640625 0.1078125
7 0.3859375 0.36328125 0.015625 0.02734375
7 0.3890625 0.36640625 0.0140625 0.0296875
1 0.45625 0.478125 0.06640625 0.04296875
1 0.4578125 0.48046875 0.05625 0.0484375
7 0.44453125 0.3609375 0.015625 0.03125
7 0.44453125 0.36640625 0.015625 0.0296875
1 0.5171875 0.49921875 0.08984375 0.115625
7 0.4875 0.35625 0.01953125 0.0375
7 0.4875 0.3703125 0.015625 0.02734375
7 0.5765625 0.4078125 0.0140625 0.02734375
1 0.73359375 0.46875 0.09765625 0.078125
7 0.765625 0.33671875 0.0234375 0.0375
1 0.8 0.4609375 0.040625 0.0546875