3 0.0046875 0.55 0.009375 0.11875
3 0.00859375 0.5515625 0.0171875 0.11328125
1 0.21953125 0.69453125 0.4296875 0.46484375
3 0.1265625 0.415625 0.015625 0.03125
4 0.14921875 0.3984375 0.0171875 0.0546875
1 0.41328125 0.5203125 0.015625 0.01953125
1 0.4484375 0.53046875 0.02734375 0.0328125
4 0.52734375 0.371875 0.01953125 0.06875
3 0.56328125 0.5125 0.01953125 0.04296875
3 0.64921875 0.52734375 0.0171875 0.0765625
3 0.67265625 0.534375 0.02734375 0.0953125
3 0.82890625 0.5296875 0.05078125 0.23828125
3 0.89140625 0.5265625 0.0484375 0.240625
3 0.97734375 0.56171875 0.040625 0.23046875