1 0.06953125 0.5671875 0.0703125 0.06640625
1 0.9046875 0.50703125 0.1890625 0.1890625
1 0.2484375 0.53125 0.03515625 0.0390625
1 0.253125 0.53203125 0.0296875 0.0390625
5 0.27265625 0.21171875 0.025 0.0765625
5 0.2734375 0.21171875 0.021875 0.0796875
1 0.28203125 0.52734375 0.02734375 0.03515625
1 0.28515625 0.52734375 0.021875 0.03125
1 0.3484375 0.5234375 0.0171875 0.0234375
1 0.36875 0.515625 0.0328125 0.05078125
1 0.39375 0.50859375 0.025 0.0328125
1 0.41484375 0.534375 0.053125 0.06875
5 0.5578125 0.3609375 0.021875 0.0625
5 0.55859375 0.359375 0.0171875 0.05078125
1 0.79296875 0.4625 0.0875 0.0390625
1 0.87421875 0.45703125 0.08203125 0.0640625
1 0.8796875 0.453125 0.08203125 0.0375