1 0.1671875 0.50390625 0.06640625 0.0453125
1 0.1703125 0.5078125 0.05859375 0.0390625
5 0.3234375 0.46171875 0.015625 0.03125
1 0.38203125 0.5109375 0.0796875 0.1234375
1 0.43125 0.50859375 0.0296875 0.071875
1 0.434375 0.5078125 0.021875 0.06640625
1 0.4515625 0.50625 0.015625 0.05859375
5 0.4578125 0.415625 0.0140625 0.03515625
6 0.459375 0.4125 0.015625 0.02734375
5 0.5015625 0.4 0.0140625 0.03125
5 0.50390625 0.39921875 0.015625 0.0390625
4 0.6453125 0.4109375 0.01953125 0.053125
5 0.64921875 0.4125 0.015625 0.04296875