1 0.1640625 0.61640625 0.3265625 0.4828125
1 0.30546875 0.5171875 0.0296875 0.0640625
1 0.43359375 0.515625 0.0453125 0.05859375
4 0.5828125 0.31875 0.02734375 0.0953125
3 0.6359375 0.50625 0.03515625 0.115625
3 0.63671875 0.5109375 0.03515625 0.125
3 0.6859375 0.5015625 0.03515625 0.11328125
3 0.68359375 0.503125 0.02734375 0.12109375
3 0.815625 0.484375 0.0375 0.1578125
3 0.85234375 0.4875 0.0484375 0.1484375
3 0.85859375 0.47578125 0.02734375 0.16796875
3 0.8875 0.51953125 0.03515625 0.078125