1 0.1828125 0.625 0.365625 0.6171875
8 0.346875 0.43359375 0.01953125 0.0625
1 0.4046875 0.5859375 0.1171875 0.2328125
7 0.475 0.35546875 0.015625 0.05078125
1 0.5109375 0.5375 0.03125 0.0390625
7 0.52421875 0.4296875 0.0171875 0.053125
7 0.70625 0.31875 0.040625 0.11875
3 0.7 0.52734375 0.009375 0.06875
3 0.7265625 0.5265625 0.021875 0.0765625
3 0.72578125 0.51640625 0.015625 0.053125
1 0.903125 0.5328125 0.1109375 0.109375
1 0.86875 0.55390625 0.04296875 0.0703125
1 0.940625 0.5390625 0.1078125 0.1109375
1 0.9265625 0.55078125 0.06640625 0.0859375
1 0.975 0.53515625 0.0484375 0.109375