3 0.65703125 0.49375 0.009375 0.040625
1 0.61015625 0.50625 0.0703125 0.0625
3 0.0421875 0.559375 0.08203125 0.3734375
1 0.0984375 0.54609375 0.19140625 0.1484375
8 0.0796875 0.425 0.02734375 0.0609375
8 0.08125 0.4234375 0.015625 0.0453125
1 0.190625 0.5015625 0.0703125 0.0703125
1 0.29609375 0.53125 0.2515625 0.11328125
1 0.34765625 0.4546875 0.0953125 0.11875
2 0.3484375 0.45234375 0.0921875 0.11875
3 0.3921875 0.496875 0.01953125 0.078125
3 0.403125 0.50390625 0.0171875 0.06875
8 0.4625 0.3171875 0.0171875 0.0546875
3 0.54765625 0.5734375 0.0765625 0.3453125
7 0.53203125 0.321875 0.021875 0.06875
7 0.6640625 0.4 0.01953125 0.0625
1 0.94609375 0.50390625 0.103125 0.1015625