1 0.053125 0.534375 0.10546875 0.19140625
1 0.090625 0.475 0.10546875 0.078125
1 0.2 0.496875 0.1078125 0.053125
5 0.32109375 0.41796875 0.01953125 0.0390625
5 0.31953125 0.4125 0.0140625 0.0609375
1 0.42265625 0.48359375 0.0390625 0.05078125
1 0.590625 0.51640625 0.1703125 0.25
5 0.5296875 0.3375 0.01953125 0.03125
5 0.53203125 0.32421875 0.0171875 0.0484375
5 0.62109375 0.4125 0.0171875 0.0390625
5 0.6734375 0.36015625 0.025 0.07421875
5 0.67265625 0.371875 0.0171875 0.04296875
1 0.803125 0.54765625 0.203125 0.228125