1 0.02265625 0.56875 0.0453125 0.13671875
3 0.0375 0.53125 0.025 0.0765625
3 0.09765625 0.55859375 0.0328125 0.0953125
3 0.1 0.55859375 0.02734375 0.0859375
5 0.1109375 0.38125 0.021875 0.0546875
4 0.1109375 0.38359375 0.0171875 0.053125
1 0.2359375 0.5609375 0.08984375 0.09765625
1 0.33515625 0.55 0.078125 0.0859375
1 0.434375 0.5625 0.109375 0.134375
4 0.55390625 0.3484375 0.025 0.0765625
0 0.63984375 0.590625 0.0796875 0.3453125
3 0.73046875 0.534375 0.025 0.115625
3 0.7546875 0.54609375 0.0328125 0.1484375
3 0.84296875 0.5328125 0.053125 0.2359375
3 0.84453125 0.5296875 0.053125 0.2046875
3 0.90546875 0.51953125 0.053125 0.2203125
3 0.9046875 0.5234375 0.0484375 0.240625
3 0.9046875 0.53828125 0.0375 0.165625