1 0.01875 0.53828125 0.0296875 0.046875
7 0.0609375 0.45390625 0.021875 0.040625
8 0.0625 0.46796875 0.0171875 0.0484375
1 0.11875 0.52421875 0.0328125 0.0484375
1 0.1546875 0.5296875 0.0453125 0.0546875
1 0.178125 0.51953125 0.025 0.053125
1 0.17890625 0.51953125 0.021875 0.04296875
1 0.2203125 0.5140625 0.0453125 0.053125
8 0.21484375 0.371875 0.01953125 0.0546875
1 0.27421875 0.51484375 0.046875 0.0703125
1 0.278125 0.51484375 0.053125 0.0703125
5 0.2875 0.36875 0.015625 0.0453125
1 0.3140625 0.5046875 0.02734375 0.0625
1 0.45234375 0.565625 0.271875 0.39453125
1 0.59375 0.48046875 0.053125 0.0625
4 0.59296875 0.38984375 0.0328125 0.0609375
4 0.590625 0.3828125 0.025 0.0859375
1 0.65 0.54765625 0.134375 0.1328125
3 0.65703125 0.4796875 0.0328125 0.03515625
1 0.9390625 0.6703125 0.11875 0.3109375