1 0.0484375 0.50859375 0.096875 0.1078125
3 0.18828125 0.496875 0.02734375 0.0765625
3 0.19453125 0.4828125 0.01953125 0.06875
7 0.28515625 0.378125 0.025 0.07421875
7 0.2828125 0.37578125 0.021875 0.05078125
3 0.45 0.4828125 0.03515625 0.0859375
3 0.5078125 0.48359375 0.0171875 0.053125
3 0.509375 0.4875 0.021875 0.05859375
1 0.534375 0.4859375 0.0171875 0.05625
1 0.55625 0.48828125 0.0296875 0.05078125
7 0.56953125 0.36640625 0.0171875 0.06875
3 0.6625 0.4671875 0.0234375 0.07421875
3 0.85234375 0.46875 0.05078125 0.12890625
3 0.85546875 0.459375 0.03515625 0.09765625