1 0.0359375 0.55625 0.071875 0.1171875
1 0.1890625 0.5453125 0.05078125 0.06640625
1 0.1921875 0.54375 0.05078125 0.053125
1 0.2671875 0.5390625 0.0390625 0.0453125
8 0.271875 0.2875 0.021875 0.078125
7 0.271875 0.2765625 0.01953125 0.04296875
1 0.3921875 0.53203125 0.03515625 0.0453125
5 0.38984375 0.30390625 0.0171875 0.0375
5 0.3921875 0.2875 0.01953125 0.0609375
1 0.4328125 0.53046875 0.02734375 0.040625
1 0.48828125 0.53984375 0.02734375 0.05625
5 0.496875 0.3046875 0.0296875 0.07421875
5 0.4953125 0.31875 0.01953125 0.040625
1 0.53203125 0.553125 0.09375 0.1015625
1 0.58515625 0.53203125 0.0234375 0.05859375
1 0.60859375 0.5375 0.03125 0.06640625
1 0.64921875 0.53984375 0.06875 0.06640625
1 0.64765625 0.5421875 0.0640625 0.0546875
1 0.7 0.42109375 0.01953125 0.071875
5 0.7015625 0.4375 0.021875 0.03515625
1 0.7609375 0.54609375 0.13671875 0.115625