1 0.075 0.6078125 0.14453125 0.3140625
4 0.11328125 0.21796875 0.03125 0.0875
1 0.19140625 0.528125 0.125 0.103125
1 0.1953125 0.5234375 0.1078125 0.103125
1 0.2859375 0.5015625 0.0546875 0.046875
1 0.2921875 0.50390625 0.0484375 0.06875
4 0.29296875 0.2140625 0.03515625 0.1015625
5 0.29375 0.2125 0.025 0.084375
1 0.35078125 0.50390625 0.0328125 0.03515625
1 0.4515625 0.57421875 0.196875 0.271875
4 0.44609375 0.22734375 0.025 0.0875
5 0.68359375 0.3609375 0.04296875 0.0953125
5 0.684375 0.365625 0.021875 0.0609375