3 0.70625 0.5140625 0.03125 0.09765625
3 0.72734375 0.5015625 0.025 0.14453125
3 0.75625 0.50625 0.0390625 0.1484375
3 0.803125 0.503125 0.03125 0.14453125
3 0.8578125 0.4953125 0.025 0.1578125
3 0.9125 0.51484375 0.0234375 0.11875
3 0.95703125 0.5015625 0.0546875 0.15625
1 0.12890625 0.5234375 0.1640625 0.09375
1 0.209375 0.5125 0.0390625 0.0859375
1 0.2390625 0.50859375 0.0390625 0.0765625
1 0.27265625 0.496875 0.0234375 0.05625
1 0.3 0.49609375 0.021875 0.0546875
1 0.32109375 0.4953125 0.015625 0.0375
1 0.35 0.4921875 0.0328125 0.05859375
1 0.35234375 0.496875 0.0296875 0.046875
1 0.4015625 0.5078125 0.084375 0.11875
1 0.4421875 0.4921875 0.025 0.0484375
3 0.4734375 0.49296875 0.009375 0.05625
1 0.48515625 0.5015625 0.0140625 0.05625
1 0.5125 0.496875 0.0375 0.0859375
1 0.53125 0.5015625 0.0390625 0.07421875