3 0.00859375 0.540625 0.0171875 0.1625
3 0.0296875 0.525 0.021875 0.05625
3 0.0625 0.534375 0.040625 0.18125
3 0.12421875 0.521875 0.0171875 0.0625
3 0.15546875 0.5171875 0.01171875 0.0546875
7 0.18828125 0.41328125 0.0140625 0.0390625
1 0.25625 0.5296875 0.040625 0.05078125
1 0.25625 0.534375 0.040625 0.0546875
1 0.3359375 0.5703125 0.1578125 0.19375
1 0.403125 0.5046875 0.03515625 0.0703125
3 0.42578125 0.53203125 0.03125 0.13125
7 0.4765625 0.384375 0.015625 0.053125
3 0.52734375 0.528125 0.0328125 0.11875
3 0.5515625 0.5140625 0.0375 0.140625
3 0.5546875 0.5203125 0.0375 0.12890625
3 0.634375 0.53515625 0.0234375 0.08984375
3 0.88359375 0.45703125 0.0390625 0.1015625
3 0.90234375 0.46796875 0.0390625 0.1109375