1 0.12109375 0.54609375 0.06875 0.071875
1 0.17890625 0.5375 0.0484375 0.0625
1 0.32890625 0.6546875 0.3265625 0.42578125
8 0.2796875 0.28046875 0.0234375 0.06640625
7 0.39140625 0.2875 0.0234375 0.0765625
3 0.49921875 0.52734375 0.025 0.078125
3 0.5296875 0.5203125 0.025 0.078125
3 0.5453125 0.51640625 0.01953125 0.0796875
7 0.56328125 0.4125 0.02734375 0.071875
3 0.571875 0.51875 0.0234375 0.0796875
0 0.65546875 0.525 0.0328125 0.0875
3 0.68671875 0.5296875 0.021875 0.078125
3 0.703125 0.5234375 0.021875 0.0859375
3 0.725 0.521875 0.01953125 0.0859375
3 0.790625 0.515625 0.02734375 0.0875
3 0.815625 0.50625 0.01953125 0.0640625
3 0.82421875 0.5203125 0.03515625 0.0859375
3 0.81640625 0.51640625 0.0171875 0.0703125
3 0.82734375 0.5203125 0.02734375 0.078125
3 0.96953125 0.51953125 0.0390625 0.1703125