1 0.9046875 0.51953125 0.1890625 0.196875
3 0.203125 0.528125 0.01953125 0.078125
3 0.16328125 0.53515625 0.01953125 0.07421875
3 0.1046875 0.53828125 0.01953125 0.07421875
3 0.0828125 0.540625 0.015625 0.07421875
3 0.046875 0.5421875 0.015625 0.0703125
8 0.05625 0.4359375 0.0171875 0.0484375
0 0.125 0.53828125 0.040625 0.084375
1 0.171875 0.525 0.0875 0.07421875
3 0.16796875 0.51875 0.01171875 0.06640625
1 0.2453125 0.515625 0.0625 0.05859375
1 0.24375 0.534375 0.05859375 0.0453125
3 0.28515625 0.5140625 0.0234375 0.07421875
2 0.3296875 0.48046875 0.09765625 0.1421875
8 0.44921875 0.3203125 0.021875 0.053125
7 0.5203125 0.32421875 0.021875 0.06875
1 0.5953125 0.525 0.109375 0.078125
7 0.65703125 0.40703125 0.01953125 0.0625