3 0.2890625 0.534375 0.0140625 0.06640625
3 0.0171875 0.56875 0.0234375 0.12890625
3 0.0671875 0.5765625 0.021875 0.103125
3 0.05078125 0.565625 0.0171875 0.1234375
3 0.0984375 0.553125 0.02734375 0.1234375
3 0.1796875 0.54296875 0.021875 0.07421875
3 0.1765625 0.54296875 0.0171875 0.0640625
3 0.2390625 0.53515625 0.025 0.0609375
3 0.26953125 0.53125 0.0171875 0.05078125
5 0.2859375 0.44140625 0.015625 0.040625
1 0.34375 0.5375 0.0375 0.0546875
1 0.43125 0.5453125 0.12890625 0.1796875
1 0.37421875 0.53828125 0.01171875 0.0546875
1 0.55625 0.528125 0.1078125 0.078125
5 0.5640625 0.425 0.021875 0.05078125
1 0.6109375 0.56328125 0.1078125 0.1796875
1 0.5984375 0.57109375 0.06875 0.1796875
1 0.72578125 0.59375 0.240625 0.28125
1 0.7203125 0.603125 0.21875 0.29296875
1 0.86875 0.725 0.2578125 0.54296875
1 0.8703125 0.73515625 0.25390625 0.521875
3 0.95234375 0.440625 0.0625 0.109375