2 0.0484375 0.47734375 0.096875 0.1078125
1 0.04609375 0.53125 0.0921875 0.0703125
1 0.04765625 0.5375 0.0953125 0.07421875
1 0.18671875 0.5328125 0.1 0.0640625
1 0.2171875 0.51484375 0.053125 0.0328125
8 0.26171875 0.43359375 0.0171875 0.046875
1 0.33515625 0.5375 0.09765625 0.115625
1 0.38359375 0.525 0.046875 0.06640625
1 0.434375 0.553125 0.08984375 0.1234375
8 0.48515625 0.34375 0.0171875 0.04296875
8 0.48515625 0.3421875 0.0140625 0.040625
1 0.58984375 0.53203125 0.103125 0.1625
5 0.55078125 0.33984375 0.015625 0.040625
1 0.5953125 0.503125 0.0484375 0.05078125
1 0.6421875 0.51484375 0.0328125 0.0625
5 0.65703125 0.41015625 0.01171875 0.0375
1 0.70234375 0.50390625 0.06640625 0.053125
7 0.6921875 0.36640625 0.0234375 0.078125
3 0.7203125 0.5015625 0.0171875 0.078125
3 0.721875 0.503125 0.0171875 0.078125