1 0.0578125 0.54609375 0.0375 0.0484375
8 0.1140625 0.43125 0.0140625 0.0375
1 0.196875 0.53984375 0.09375 0.1234375
5 0.20234375 0.44140625 0.0140625 0.0375
5 0.2046875 0.44140625 0.01953125 0.0328125
1 0.2796875 0.5421875 0.0328125 0.046875
5 0.275 0.478125 0.015625 0.040625
5 0.27421875 0.4828125 0.0140625 0.03125
2 0.3359375 0.48515625 0.08984375 0.16796875
1 0.38125 0.559375 0.0953125 0.115625
1 0.5515625 0.55546875 0.1890625 0.2046875
1 0.81328125 0.5109375 0.08203125 0.0859375
3 0.85625 0.503125 0.05078125 0.1796875
3 0.8625 0.50625 0.03515625 0.18125