1 0.12109375 0.58671875 0.1640625 0.14453125
1 0.14375 0.60078125 0.1171875 0.1890625
1 0.13671875 0.5078125 0.06640625 0.06875
1 0.2328125 0.55078125 0.0328125 0.04296875
8 0.32421875 0.3296875 0.0234375 0.046875
1 0.3265625 0.54765625 0.0296875 0.05078125
8 0.32421875 0.334375 0.015625 0.0484375
5 0.41875 0.33203125 0.021875 0.0484375
5 0.41875 0.3421875 0.01953125 0.046875
5 0.5640625 0.425 0.025 0.05078125
5 0.5640625 0.43125 0.0171875 0.046875
1 0.696875 0.5265625 0.03125 0.05625
1 0.7765625 0.51484375 0.1421875 0.09375
1 0.7765625 0.5078125 0.134375 0.071875
5 0.7734375 0.2953125 0.02734375 0.1171875
5 0.775 0.3234375 0.0296875 0.05078125
1 0.865625 0.5140625 0.0484375 0.0703125
1 0.8671875 0.51640625 0.04296875 0.0640625