1 0.021875 0.5390625 0.040625 0.0625
4 0.05390625 0.2578125 0.01953125 0.06875
1 0.16484375 0.5328125 0.0484375 0.0328125
1 0.32890625 0.609375 0.25390625 0.271875
1 0.22265625 0.53203125 0.025 0.040625
4 0.253125 0.3578125 0.01953125 0.0546875
4 0.321875 0.30390625 0.0234375 0.0609375
5 0.38203125 0.41796875 0.0140625 0.03515625
5 0.4109375 0.44609375 0.0140625 0.0328125
1 0.4421875 0.5203125 0.025 0.040625
1 0.478125 0.5265625 0.02734375 0.0375
5 0.5046875 0.40625 0.0171875 0.0453125
1 0.5453125 0.57109375 0.1 0.1265625
5 0.50390625 0.40625 0.009375 0.03515625
1 0.54609375 0.5171875 0.04296875 0.03515625
1 0.584375 0.54296875 0.0375 0.0703125
1 0.5859375 0.53984375 0.0375 0.0625
1 0.64765625 0.53125 0.0609375 0.078125
5 0.63125 0.475 0.01171875 0.03125
1 0.82890625 0.684375 0.33203125 0.475
5 0.81328125 0.41015625 0.0171875 0.05625
4 0.83671875 0.359375 0.01953125 0.040625
4 0.88125 0.3390625 0.021875 0.0625