1 0.85625 0.471875 0.040625 0.0390625
1 0.08515625 0.50625 0.05859375 0.0390625
1 0.315625 0.50703125 0.03125 0.05625
5 0.31328125 0.45234375 0.015625 0.03125
1 0.36796875 0.5109375 0.0921875 0.1328125
1 0.428125 0.50859375 0.0375 0.0703125
1 0.428125 0.471875 0.0328125 0.01953125
1 0.42890625 0.51171875 0.025 0.0703125
6 0.45625 0.403125 0.015625 0.02734375
5 0.45703125 0.39921875 0.0140625 0.03515625
5 0.503125 0.39375 0.0171875 0.03125
5 0.50390625 0.390625 0.015625 0.0453125
4 0.578125 0.434375 0.0171875 0.0375
5 0.58203125 0.44453125 0.01953125 0.0390625
4 0.66484375 0.4046875 0.01953125 0.053125
5 0.6671875 0.3984375 0.015625 0.05078125