2 0.1765625 0.3296875 0.353125 0.659375
2 0.178125 0.346875 0.35546875 0.6640625
2 0.4109375 0.46484375 0.165625 0.31640625
2 0.41796875 0.4640625 0.171875 0.31875
1 0.528125 0.51953125 0.10546875 0.1078125
1 0.5359375 0.5140625 0.09765625 0.0765625
1 0.61328125 0.5046875 0.0375 0.0609375
1 0.63359375 0.4921875 0.0375 0.071875
1 0.6890625 0.49296875 0.0296875 0.04296875
1 0.83984375 0.490625 0.03125 0.06640625
1 0.8546875 0.5046875 0.0234375 0.07421875
1 0.8796875 0.49375 0.0453125 0.14453125
1 0.9390625 0.50078125 0.1109375 0.1578125
1 0.928125 0.503125 0.0859375 0.15
1 0.98046875 0.52734375 0.0375 0.21875
1 0.9828125 0.5296875 0.0328125 0.2953125