1 0.91484375 0.58984375 0.16796875 0.30078125
1 0.021875 0.4953125 0.03515625 0.05078125
8 0.05859375 0.3796875 0.01953125 0.04296875
7 0.05859375 0.378125 0.01953125 0.0375
7 0.1109375 0.384375 0.01953125 0.0328125
7 0.11328125 0.38359375 0.015625 0.0328125
1 0.16484375 0.48359375 0.0453125 0.05078125
1 0.16015625 0.48828125 0.03125 0.053125
1 0.1875 0.48828125 0.0484375 0.046875
1 0.18671875 0.48046875 0.0453125 0.05078125
7 0.18046875 0.4359375 0.0234375 0.0453125
7 0.17890625 0.434375 0.0140625 0.0296875
1 0.22265625 0.48515625 0.02734375 0.0625
1 0.25859375 0.48125 0.05625 0.05625
1 0.2609375 0.48828125 0.0609375 0.0609375
1 0.29765625 0.48125 0.0296875 0.05625
1 0.3390625 0.49375 0.0765625 0.1015625
1 0.38359375 0.4953125 0.025 0.0625
1 0.42265625 0.503125 0.0390625 0.0703125
1 0.4734375 0.50078125 0.0640625 0.0921875
1 0.4703125 0.5 0.0484375 0.0859375
1 0.51640625 0.50078125 0.05859375 0.115625
1 0.5203125 0.5046875 0.06640625 0.109375
1 0.6109375 0.525 0.1421875 0.11875
1 0.61015625 0.5328125 0.1234375 0.1328125
1 0.7484375 0.5703125 0.1625 0.22265625