3 0.678125 0.50859375 0.0234375 0.1234375
1 0.1640625 0.5171875 0.1265625 0.078125
1 0.25078125 0.5046875 0.03515625 0.07421875
1 0.2828125 0.49921875 0.0234375 0.05859375
1 0.30625 0.49609375 0.021875 0.0546875
1 0.32734375 0.4984375 0.01953125 0.0375
1 0.4 0.53125 0.103125 0.140625
1 0.44609375 0.4921875 0.0296875 0.0484375
3 0.46875 0.4984375 0.01171875 0.0546875
1 0.4796875 0.4953125 0.0140625 0.0546875
1 0.5140625 0.5046875 0.040625 0.07421875
3 0.621875 0.50390625 0.015625 0.109375
3 0.659375 0.51171875 0.0171875 0.1078125
3 0.70390625 0.50859375 0.015625 0.115625
3 0.75703125 0.50078125 0.015625 0.12890625
3 0.81875 0.50390625 0.025 0.1234375