2 0.14765625 0.50859375 0.115625 0.1234375
2 0.15703125 0.50390625 0.109375 0.13125
1 0.2328125 0.55078125 0.11875 0.134375
1 0.2984375 0.540625 0.0546875 0.0640625
1 0.3046875 0.546875 0.0390625 0.05625
1 0.390625 0.553125 0.103125 0.1390625
8 0.3625 0.303125 0.0140625 0.05078125
2 0.5125 0.47578125 0.13125 0.0921875
7 0.459375 0.325 0.0140625 0.046875
7 0.46015625 0.32734375 0.015625 0.0484375
1 0.6234375 0.534375 0.1734375 0.2328125
1 0.60625 0.5375 0.115625 0.22265625
7 0.590625 0.40625 0.01171875 0.025
7 0.59375 0.409375 0.01171875 0.0296875
1 0.82421875 0.61640625 0.34765625 0.3515625
7 0.83125 0.27265625 0.0234375 0.078125
7 0.83203125 0.290625 0.0234375 0.1109375