1 0.734375 0.5234375 0.1265625 0.06640625
1 0.57890625 0.521875 0.0640625 0.05859375
3 0.6375 0.50703125 0.01953125 0.0453125
3 0.0375 0.54609375 0.015625 0.0703125
8 0.05859375 0.43828125 0.02734375 0.0609375
8 0.05625 0.4359375 0.0171875 0.0484375
0 0.0890625 0.54296875 0.0609375 0.08203125
0 0.0921875 0.5375 0.05859375 0.0859375
1 0.284375 0.53203125 0.32421875 0.1796875
1 0.33125 0.43828125 0.1 0.0703125
2 0.33125 0.4328125 0.1 0.0484375
8 0.44921875 0.3203125 0.021875 0.0546875
7 0.5203125 0.32421875 0.021875 0.06875
7 0.65703125 0.40703125 0.01953125 0.0625