1 0.921875 0.6453125 0.15234375 0.3578125
1 0.06171875 0.55390625 0.1234375 0.146875
1 0.1109375 0.55390625 0.0546875 0.13671875
1 0.121875 0.5515625 0.040625 0.1109375
1 0.146875 0.57109375 0.04296875 0.0859375
1 0.2109375 0.53984375 0.0453125 0.0546875
1 0.29609375 0.521875 0.053125 0.05078125
1 0.409375 0.534375 0.05078125 0.071875
1 0.52421875 0.56328125 0.05078125 0.11328125
1 0.5828125 0.5625 0.084375 0.1390625
1 0.6546875 0.57421875 0.071875 0.171875
1 0.771875 0.56875 0.1953125 0.2828125