1 0.025 0.56796875 0.05 0.0703125
1 0.17265625 0.5640625 0.09375 0.1109375
1 0.2296875 0.55859375 0.05078125 0.0703125
1 0.28828125 0.5375 0.0375 0.05078125
1 0.375 0.5328125 0.0703125 0.0625
1 0.4203125 0.515625 0.02734375 0.03515625
1 0.50390625 0.540625 0.0296875 0.07421875
3 0.621875 0.51953125 0.03125 0.10546875
3 0.621875 0.509375 0.02734375 0.09375
3 0.73359375 0.6328125 0.1546875 0.69140625
3 0.73828125 0.63359375 0.14453125 0.696875
3 0.7203125 0.5375 0.04296875 0.1546875
3 0.97265625 0.62109375 0.053125 0.2046875