1 0.89375 0.66484375 0.2125 0.459375
1 0.0484375 0.55390625 0.0640625 0.0609375
1 0.0578125 0.55078125 0.06640625 0.06875
1 0.0953125 0.55 0.053125 0.0640625
1 0.09765625 0.54609375 0.046875 0.0625
1 0.2859375 0.53125 0.0640625 0.05859375
1 0.359375 0.5375 0.109375 0.15625
8 0.3703125 0.44453125 0.0171875 0.03515625
8 0.36875 0.446875 0.0140625 0.03515625
1 0.42578125 0.53125 0.0375 0.0859375
7 0.4515625 0.403125 0.015625 0.040625
7 0.4515625 0.4015625 0.01171875 0.03125
7 0.484375 0.45390625 0.0171875 0.0390625
7 0.4828125 0.45625 0.01171875 0.03515625
7 0.5453125 0.4203125 0.0171875 0.05625
7 0.5453125 0.415625 0.015625 0.0453125
1 0.7359375 0.50390625 0.1265625 0.0921875
1 0.7359375 0.503125 0.12109375 0.09765625
1 0.85234375 0.484375 0.084375 0.10546875
1 0.90625 0.4796875 0.18359375 0.12890625
1 0.8859375 0.49140625 0.09765625 0.0953125