1 0.140625 0.553125 0.26171875 0.15234375
1 0.1546875 0.5625 0.2578125 0.19140625
1 0.27421875 0.54375 0.05859375 0.1109375
1 0.2890625 0.54375 0.04296875 0.1078125
1 0.325 0.52421875 0.06640625 0.1109375
1 0.353125 0.51875 0.053125 0.103125
1 0.3625 0.51875 0.05625 0.1078125
1 0.43671875 0.5109375 0.0375 0.0484375
1 0.615625 0.5109375 0.040625 0.0640625
1 0.65 0.525 0.0484375 0.125
1 0.7125 0.53046875 0.1171875 0.1703125
1 0.7234375 0.53125 0.1109375 0.15625
1 0.871875 0.5421875 0.25390625 0.25390625
1 0.8734375 0.55390625 0.24375 0.275