2 0.06171875 0.52265625 0.1234375 0.071875
3 0.06328125 0.55625 0.02734375 0.078125
3 0.06171875 0.5515625 0.021875 0.084375
1 0.3234375 0.5453125 0.1390625 0.0796875
7 0.35234375 0.1828125 0.03515625 0.0859375
7 0.603125 0.35 0.0296875 0.0875
7 0.60546875 0.3484375 0.0171875 0.07421875
3 0.68046875 0.53125 0.03515625 0.134375
3 0.73125 0.534375 0.01953125 0.1484375
3 0.76484375 0.53828125 0.0375 0.15
3 0.82109375 0.53984375 0.03515625 0.178125
3 0.8296875 0.534375 0.04296875 0.16796875
3 0.909375 0.52734375 0.0625 0.2125