3 0.5796875 0.50703125 0.01171875 0.046875
3 0.596875 0.50390625 0.0140625 0.0484375
1 0.16875 0.5359375 0.0609375 0.0625
1 0.34453125 0.61796875 0.271875 0.334375
8 0.2875 0.28125 0.01953125 0.0609375
8 0.2859375 0.2796875 0.015625 0.0546875
7 0.39375 0.2890625 0.015625 0.0484375
3 0.5640625 0.5109375 0.02734375 0.0765625
7 0.5609375 0.4078125 0.0171875 0.04296875
3 0.5640625 0.51484375 0.01953125 0.0703125
0 0.665625 0.51640625 0.040625 0.103125
0 0.66484375 0.51953125 0.0234375 0.08203125
0 0.76484375 0.51484375 0.0765625 0.1
0 0.76875 0.51875 0.05078125 0.0796875
1 0.8796875 0.5140625 0.1734375 0.084375
1 0.96484375 0.49921875 0.06875 0.071875
7 0.975 0.084375 0.0484375 0.16796875