1 0.0109375 0.59375 0.021875 0.15625
2 0.0765625 0.5015625 0.1078125 0.0859375
1 0.08984375 0.57734375 0.134375 0.1796875
1 0.28515625 0.5921875 0.3265625 0.4234375
4 0.31875 0.3296875 0.0171875 0.05078125
7 0.4140625 0.325 0.015625 0.04296875
7 0.4921875 0.3265625 0.015625 0.0484375
1 0.5203125 0.5203125 0.0375 0.05859375
1 0.69609375 0.565625 0.165625 0.17578125
3 0.63359375 0.521875 0.01953125 0.05625
3 0.634375 0.5140625 0.0140625 0.0390625
7 0.6796875 0.41484375 0.015625 0.04296875
2 0.9203125 0.48359375 0.1546875 0.15
7 0.928125 0.25703125 0.0484375 0.15625
3 0.96015625 0.5421875 0.0296875 0.11875