1 0.66796875 0.503125 0.10546875 0.0703125
1 0.0421875 0.546875 0.06875 0.08984375
1 0.0875 0.53828125 0.0546875 0.07421875
1 0.1296875 0.534375 0.046875 0.0765625
1 0.20703125 0.5390625 0.1265625 0.1421875
5 0.26640625 0.36328125 0.03125 0.0546875
1 0.30546875 0.50859375 0.0296875 0.04296875
1 0.33515625 0.50859375 0.0328125 0.046875
2 0.3703125 0.48046875 0.0796875 0.15625
1 0.52421875 0.5609375 0.2046875 0.203125
1 0.5234375 0.55078125 0.18359375 0.165625
5 0.45390625 0.43125 0.01953125 0.05625
5 0.45625 0.4296875 0.015625 0.040625
5 0.6578125 0.20703125 0.05859375 0.08203125
1 0.76484375 0.48828125 0.140625 0.09375
1 0.978125 0.4734375 0.0375 0.13125