3 0.65 0.51953125 0.025 0.08203125
2 0.075 0.50703125 0.15 0.15625
1 0.07890625 0.60625 0.1578125 0.24375
1 0.1703125 0.5671875 0.0703125 0.06640625
1 0.21796875 0.5546875 0.0484375 0.0640625
1 0.2203125 0.5546875 0.040625 0.05625
1 0.25 0.54765625 0.03125 0.0546875
1 0.2484375 0.5484375 0.025 0.0484375
1 0.34765625 0.609375 0.2109375 0.2796875
4 0.3375 0.2515625 0.025 0.078125
5 0.465625 0.28515625 0.0234375 0.0703125
1 0.49140625 0.5375 0.0375 0.05078125
1 0.49140625 0.53984375 0.0296875 0.040625
5 0.64140625 0.4 0.0234375 0.06640625
1 0.83515625 0.63984375 0.3265625 0.7109375