4 0.08203125 0.078125 0.1640625 0.15625
1 0.0828125 0.5171875 0.0546875 0.0453125
1 0.0875 0.52734375 0.0375 0.05078125
1 0.09375 0.49921875 0.040625 0.03125
1 0.17109375 0.503125 0.1015625 0.0625
1 0.271875 0.5203125 0.1015625 0.0859375
1 0.35 0.515625 0.071875 0.07421875
1 0.4234375 0.49609375 0.02734375 0.03515625
1 0.42890625 0.4984375 0.03515625 0.0390625
1 0.4484375 0.50078125 0.025 0.0484375
1 0.47265625 0.496875 0.0328125 0.040625
1 0.53046875 0.48125 0.01953125 0.046875
1 0.53203125 0.49296875 0.021875 0.0390625
1 0.54609375 0.490625 0.0171875 0.05625
4 0.56875 0.36015625 0.0234375 0.0625
1 0.571875 0.4890625 0.0171875 0.0453125
1 0.60078125 0.49375 0.0390625 0.0640625
4 0.65234375 0.35625 0.015625 0.04296875
5 0.72578125 0.4171875 0.0171875 0.05078125
7 0.80078125 0.07734375 0.05078125 0.1171875
4 0.8 0.075 0.02734375 0.09375
1 0.8640625 0.509375 0.07421875 0.11328125
1 0.87578125 0.4859375 0.071875 0.04296875