1 0.2609375 0.5265625 0.09765625 0.1109375
1 0.32421875 0.50859375 0.053125 0.06875
1 0.325 0.50859375 0.0453125 0.0640625
1 0.35625 0.509375 0.01171875 0.0328125
1 0.4359375 0.50390625 0.05078125 0.0390625
1 0.496875 0.49921875 0.0453125 0.0453125
7 0.503125 0.35234375 0.0171875 0.03515625
1 0.5421875 0.496875 0.05078125 0.0625
7 0.571875 0.3671875 0.0171875 0.04296875
1 0.57890625 0.4984375 0.021875 0.0546875
1 0.59296875 0.5015625 0.015625 0.05078125
1 0.62109375 0.5046875 0.04296875 0.07421875
1 0.6125 0.5046875 0.021875 0.05625
7 0.6109375 0.45390625 0.01171875 0.0296875
1 0.6546875 0.50703125 0.078125 0.0796875
7 0.6546875 0.4328125 0.015625 0.04296875
7 0.678125 0.4140625 0.0171875 0.03515625
3 0.88671875 0.4671875 0.021875 0.0875
3 0.89375 0.4828125 0.021875 0.078125