1 0.12578125 0.496875 0.0875 0.05078125
1 0.128125 0.50390625 0.084375 0.05078125
1 0.31640625 0.50859375 0.15 0.18359375
1 0.41015625 0.50078125 0.0609375 0.06875
1 0.409375 0.503125 0.05625 0.0765625
5 0.4421875 0.37578125 0.01171875 0.03515625
6 0.44375 0.378125 0.0078125 0.0296875
5 0.5015625 0.365625 0.0171875 0.05078125
5 0.50078125 0.3640625 0.0078125 0.03125
5 0.59375 0.42109375 0.01953125 0.0390625
4 0.59375 0.4234375 0.0171875 0.0390625
4 0.7640625 0.34375 0.02734375 0.07421875
5 0.7640625 0.3359375 0.025 0.07421875