1 0.134375 0.48359375 0.2671875 0.6265625
2 0.12890625 0.484375 0.25390625 0.61875
1 0.3328125 0.49609375 0.046875 0.06640625
1 0.49921875 0.62421875 0.328125 0.4359375
8 0.3515625 0.30078125 0.01953125 0.071875
8 0.353125 0.284375 0.015625 0.0390625
7 0.47265625 0.24140625 0.021875 0.06875
1 0.6390625 0.4765625 0.071875 0.1
7 0.6453125 0.36640625 0.01953125 0.04296875
1 0.7390625 0.4828125 0.09375 0.078125
1 0.73515625 0.48828125 0.084375 0.0546875
1 0.8609375 0.58984375 0.275 0.34765625
7 0.98515625 0.23046875 0.02734375 0.0875
7 0.98828125 0.20390625 0.021875 0.04296875