1 0.2109375 0.546875 0.04296875 0.05078125
1 0.21171875 0.5515625 0.04296875 0.046875
1 0.25703125 0.54375 0.03515625 0.03515625
1 0.2609375 0.5453125 0.0328125 0.0390625
1 0.34375 0.5421875 0.025 0.0328125
1 0.3421875 0.5421875 0.01953125 0.02734375
1 0.371875 0.540625 0.03515625 0.05078125
1 0.3984375 0.5328125 0.025 0.0328125
1 0.41484375 0.5578125 0.053125 0.06875
1 0.43828125 0.5375 0.021875 0.03125
5 0.6125 0.34765625 0.0328125 0.10546875
5 0.615625 0.3484375 0.0296875 0.0953125
1 0.86875 0.503125 0.1234375 0.0375
1 0.87890625 0.5109375 0.12109375 0.0546875