1 0.08125 0.61015625 0.1625 0.4375
1 0.07734375 0.56328125 0.1546875 0.30625
1 0.1609375 0.484375 0.025 0.040625
1 0.278125 0.49921875 0.040625 0.05859375
1 0.32890625 0.49296875 0.0296875 0.046875
1 0.3296875 0.49375 0.021875 0.040625
1 0.3703125 0.509375 0.04296875 0.0625
1 0.3703125 0.50859375 0.040625 0.053125
1 0.42109375 0.5046875 0.0484375 0.0703125
1 0.42109375 0.50859375 0.0375 0.06640625
1 0.44453125 0.51484375 0.0296875 0.084375
1 0.45625 0.509375 0.03515625 0.0765625
1 0.50390625 0.534375 0.0921875 0.12109375
5 0.64453125 0.3421875 0.025 0.084375
5 0.6484375 0.36796875 0.02734375 0.05078125