3 0.98046875 0.53125 0.0375 0.3421875
7 0.06640625 0.3640625 0.02734375 0.08203125
3 0.1703125 0.57109375 0.0328125 0.37109375
3 0.2203125 0.58671875 0.05078125 0.3765625
3 0.32109375 0.56640625 0.1 0.3671875
3 0.31953125 0.5640625 0.0453125 0.365625
1 0.34453125 0.5 0.009375 0.053125
3 0.3765625 0.5609375 0.0609375 0.31875
3 0.37109375 0.55 0.046875 0.2875
3 0.4671875 0.575 0.0609375 0.3734375
1 0.5015625 0.5140625 0.01953125 0.0625
3 0.5640625 0.55546875 0.053125 0.3984375
7 0.56328125 0.3328125 0.021875 0.053125
1 0.703125 0.5015625 0.23828125 0.140625
3 0.928125 0.5375 0.0875 0.31875