1 0.209375 0.5515625 0.01953125 0.02734375
1 0.2375 0.5453125 0.025 0.01953125
1 0.3390625 0.5453125 0.0390625 0.0546875
1 0.4 0.5484375 0.0609375 0.0765625
3 0.50859375 0.540625 0.0390625 0.10546875
3 0.5046875 0.5375 0.01953125 0.109375
3 0.7234375 0.503125 0.0171875 0.0640625
3 0.7484375 0.5 0.025 0.08984375
3 0.75 0.49296875 0.015625 0.09765625
3 0.77265625 0.49296875 0.025 0.1234375
3 0.7734375 0.49140625 0.015625 0.1015625
3 0.78828125 0.496875 0.03515625 0.125
3 0.79375 0.49375 0.0296875 0.11875