1 0.0453125 0.54296875 0.08984375 0.0640625
1 0.04609375 0.496875 0.05859375 0.0375
1 0.196875 0.54609375 0.1484375 0.1484375
7 0.20625 0.446875 0.0171875 0.040625
1 0.275 0.51484375 0.053125 0.05625
1 0.278125 0.5140625 0.0453125 0.04296875
1 0.33515625 0.5140625 0.071875 0.084375
1 0.33984375 0.509375 0.046875 0.053125
7 0.3765625 0.38359375 0.0140625 0.0375
5 0.4328125 0.39375 0.01953125 0.0296875
5 0.51875 0.44140625 0.0140625 0.0328125
5 0.56171875 0.4140625 0.01953125 0.0546875
5 0.56328125 0.4203125 0.0140625 0.0296875
1 0.609375 0.4765625 0.0703125 0.053125
1 0.6125 0.47734375 0.0640625 0.040625
1 0.6578125 0.4765625 0.0375 0.0390625
1 0.6609375 0.478125 0.0375 0.0328125
1 0.7125 0.4734375 0.0453125 0.046875
1 0.75390625 0.46875 0.0609375 0.04296875
1 0.75625 0.4734375 0.0640625 0.046875