1 0.1140625 0.578125 0.228125 0.3265625
1 0.20625 0.49921875 0.06875 0.078125
1 0.2078125 0.50078125 0.0484375 0.06875
1 0.2515625 0.5046875 0.0546875 0.05078125
1 0.253125 0.496875 0.053125 0.05859375
8 0.24140625 0.25703125 0.021875 0.0765625
5 0.3484375 0.271875 0.02734375 0.04296875
1 0.3484375 0.4890625 0.0296875 0.040625
5 0.35078125 0.24921875 0.0234375 0.06875
5 0.434375 0.2921875 0.03125 0.0390625
5 0.4359375 0.27421875 0.0171875 0.06875
1 0.52734375 0.4828125 0.03125 0.0390625
3 0.56171875 0.484375 0.0171875 0.040625
5 0.615625 0.4 0.0296875 0.04296875
5 0.615625 0.38359375 0.0234375 0.0546875
1 0.6390625 0.48359375 0.0546875 0.05078125
1 0.64140625 0.48515625 0.053125 0.05859375
5 0.66796875 0.3078125 0.03515625 0.078125
5 0.66796875 0.3296875 0.03515625 0.05078125
1 0.8421875 0.475 0.18359375 0.125