8 0.06640625 0.434375 0.02734375 0.0609375
8 0.0671875 0.42890625 0.015625 0.0453125
3 0.08984375 0.53515625 0.02734375 0.0765625
3 0.09296875 0.5375 0.021875 0.08203125
3 0.12421875 0.5265625 0.025 0.07421875
1 0.1828125 0.51484375 0.07421875 0.0765625
1 0.3234375 0.5484375 0.321875 0.171875
1 0.33515625 0.45234375 0.09375 0.0953125
2 0.3359375 0.4359375 0.08984375 0.08203125
3 0.3421875 0.509375 0.0171875 0.0765625
3 0.36640625 0.50078125 0.01953125 0.078125
3 0.41796875 0.5953125 0.1171875 0.375
3 0.3734375 0.496875 0.01953125 0.0765625
3 0.3828125 0.50625 0.0171875 0.06875
8 0.4546875 0.32109375 0.0171875 0.0546875
1 0.628125 0.53125 0.26953125 0.1328125
7 0.52734375 0.32421875 0.021875 0.06875
7 0.659375 0.40234375 0.01953125 0.0625
1 0.903125 0.509375 0.1265625 0.09375