1 0.03515625 0.6359375 0.0703125 0.23828125
1 0.17109375 0.5390625 0.071875 0.0765625
1 0.215625 0.53828125 0.0328125 0.0375
1 0.296875 0.534375 0.11875 0.1328125
1 0.246875 0.53828125 0.0171875 0.040625
1 0.396875 0.528125 0.0390625 0.0609375
1 0.45 0.525 0.046875 0.0625
1 0.4875 0.51484375 0.04296875 0.07421875
1 0.4890625 0.509375 0.0296875 0.046875
1 0.5515625 0.54765625 0.11328125 0.12890625
3 0.75 0.5359375 0.025 0.115625
3 0.74921875 0.534375 0.015625 0.1015625
3 0.77421875 0.53046875 0.03125 0.13671875
3 0.771875 0.528125 0.01953125 0.1171875
2 0.8078125 0.5140625 0.084375 0.0546875
1 0.8328125 0.53828125 0.07421875 0.0703125
1 0.90703125 0.5375 0.1484375 0.1015625