3 0.9453125 0.5453125 0.025 0.11875
1 0.01640625 0.58671875 0.03125 0.15
1 0.0234375 0.5734375 0.03515625 0.18359375
1 0.08984375 0.5796875 0.12890625 0.17578125
2 0.084375 0.48515625 0.1109375 0.08203125
1 0.28515625 0.58984375 0.328125 0.4203125
4 0.3171875 0.328125 0.0171875 0.053125
7 0.4140625 0.3265625 0.01953125 0.0484375
1 0.47265625 0.5296875 0.07421875 0.08203125
1 0.4625 0.51875 0.0484375 0.0625
7 0.49140625 0.3265625 0.01953125 0.0546875
1 0.53203125 0.525 0.03515625 0.0453125
1 0.53203125 0.51640625 0.0234375 0.0328125
3 0.6125 0.51875 0.0140625 0.0390625
1 0.690625 0.56328125 0.1484375 0.1703125
7 0.67890625 0.4171875 0.0171875 0.046875
2 0.803125 0.48046875 0.0953125 0.1171875
1 0.8765625 0.48125 0.2328125 0.1640625
1 0.8890625 0.52421875 0.146875 0.08203125
7 0.9296875 0.25703125 0.05078125 0.1546875