0 0.021875 0.54765625 0.0328125 0.0875
0 0.01953125 0.54296875 0.01953125 0.0703125
3 0.03984375 0.5375 0.0171875 0.06640625
1 0.12109375 0.53125 0.09375 0.1
2 0.128125 0.5296875 0.09375 0.0875
1 0.19921875 0.5390625 0.0765625 0.06640625
1 0.196875 0.5078125 0.06640625 0.04296875
2 0.2015625 0.51484375 0.05625 0.05078125
2 0.28984375 0.4828125 0.109375 0.17578125
1 0.35859375 0.5203125 0.0328125 0.03515625
1 0.38671875 0.51953125 0.040625 0.0546875
8 0.4234375 0.31953125 0.01953125 0.0546875
7 0.5 0.3171875 0.021875 0.0625
1 0.5359375 0.5171875 0.0484375 0.0625
7 0.64453125 0.4125 0.021875 0.0640625