1 0.09375 0.59296875 0.1875 0.25625
2 0.0875 0.46875 0.15 0.115625
2 0.08515625 0.465625 0.1421875 0.1015625
1 0.184375 0.5453125 0.0484375 0.0703125
1 0.18671875 0.5390625 0.046875 0.05078125
1 0.33671875 0.5984375 0.23828125 0.296875
8 0.34296875 0.2484375 0.01953125 0.0609375
2 0.49609375 0.48046875 0.084375 0.12109375
7 0.46484375 0.28046875 0.01953125 0.0609375
7 0.46484375 0.28125 0.01953125 0.0625
7 0.62890625 0.3875 0.015625 0.0546875
7 0.6296875 0.38984375 0.0171875 0.05859375
3 0.6421875 0.515625 0.0234375 0.0921875
1 0.834375 0.6171875 0.328125 0.71484375
1 0.8375 0.59375 0.31875 0.65