1 0.040625 0.5390625 0.05625 0.05078125
1 0.17890625 0.51953125 0.0453125 0.0609375
8 0.1703125 0.340625 0.01953125 0.05078125
1 0.2515625 0.5171875 0.03125 0.0484375
5 0.25703125 0.3421875 0.0171875 0.05078125
1 0.2859375 0.51484375 0.0375 0.05625
5 0.371875 0.42890625 0.0171875 0.0484375
1 0.44140625 0.53125 0.1265625 0.18125
1 0.65703125 0.57734375 0.1859375 0.165625
1 0.646875 0.4703125 0.11328125 0.07421875
4 0.659375 0.31171875 0.025 0.1078125
3 0.72265625 0.49296875 0.0328125 0.09375
3 0.7234375 0.4984375 0.0234375 0.0796875