1 0.1171875 0.5578125 0.0796875 0.0703125
1 0.4125 0.5265625 0.01953125 0.03125
3 0.865625 0.5453125 0.0234375 0.09765625
3 0.88671875 0.540625 0.025 0.10546875
3 0.8453125 0.54609375 0.0234375 0.103125
1 0.24609375 0.5390625 0.0640625 0.078125
1 0.24609375 0.53984375 0.0609375 0.0703125
1 0.30078125 0.53515625 0.0375 0.040625
1 0.446875 0.5296875 0.04296875 0.0625
1 0.5046875 0.5546875 0.103125 0.13671875
1 0.57421875 0.51953125 0.04296875 0.06875
2 0.57109375 0.521875 0.03515625 0.05625
1 0.66484375 0.546875 0.0625 0.0703125
1 0.7671875 0.540625 0.103125 0.05859375
1 0.7703125 0.540625 0.10546875 0.06875
1 0.9671875 0.6625 0.0625 0.18359375