3 0.95625 0.5 0.02734375 0.16015625
3 0.94453125 0.503125 0.0484375 0.1625
3 0.90546875 0.50859375 0.040625 0.1484375
1 0.06953125 0.5546875 0.1171875 0.0859375
1 0.1609375 0.55 0.0921875 0.0625
1 0.16796875 0.54609375 0.0796875 0.0640625
1 0.215625 0.5375 0.06875 0.05625
1 0.221875 0.54375 0.0640625 0.0546875
1 0.32109375 0.5328125 0.0484375 0.06640625
5 0.315625 0.4703125 0.01171875 0.03125
1 0.40234375 0.553125 0.0953125 0.12890625
5 0.46796875 0.459375 0.009375 0.03125
1 0.5734375 0.51484375 0.1171875 0.09375
1 0.5828125 0.5296875 0.115625 0.0953125
1 0.62578125 0.54296875 0.15 0.09375
3 0.85625 0.50859375 0.04296875 0.1703125