1 0.2609375 0.54296875 0.0453125 0.071875
1 0.26484375 0.54296875 0.0484375 0.0921875
1 0.3578125 0.56875 0.1703125 0.24375
7 0.434375 0.48515625 0.0140625 0.0375
1 0.45 0.559375 0.0328125 0.134375
1 0.49921875 0.5234375 0.0375 0.040625
1 0.496875 0.52265625 0.025 0.03515625
1 0.528125 0.51953125 0.0328125 0.05078125
5 0.5625 0.3890625 0.01171875 0.0375
5 0.565625 0.38203125 0.0140625 0.04296875
1 0.59765625 0.51875 0.0234375 0.0375
5 0.65 0.453125 0.015625 0.0375
5 0.6515625 0.46875 0.01171875 0.0328125
5 0.85234375 0.4078125 0.01171875 0.05078125
5 0.85546875 0.4 0.015625 0.046875
1 0.9203125 0.496875 0.1015625 0.0609375
1 0.92265625 0.4984375 0.09765625 0.05625