1 0.0546875 0.53046875 0.109375 0.2265625
1 0.06640625 0.490625 0.0953125 0.08984375
1 0.2 0.53203125 0.21484375 0.2671875
1 0.20390625 0.525 0.196875 0.19921875
5 0.2515625 0.340625 0.0234375 0.0640625
6 0.25390625 0.33515625 0.01953125 0.05078125
1 0.49296875 0.6328125 0.4609375 0.475
4 0.30625 0.3421875 0.01953125 0.053125
5 0.3859375 0.3390625 0.01953125 0.0546875
4 0.39140625 0.3328125 0.0171875 0.046875
5 0.44609375 0.34375 0.0328125 0.07421875
7 0.44609375 0.340625 0.0171875 0.0484375
5 0.56953125 0.41484375 0.0171875 0.0609375
7 0.571875 0.40625 0.0171875 0.0453125
1 0.8390625 0.48515625 0.14453125 0.0953125