3 0.03046875 0.5109375 0.0390625 0.1484375
7 0.1078125 0.3046875 0.03125 0.07421875
7 0.1046875 0.3109375 0.025 0.07421875
1 0.29765625 0.50703125 0.2359375 0.1421875
1 0.4828125 0.471875 0.021875 0.0328125
1 0.53828125 0.48359375 0.0171875 0.05625
1 0.56640625 0.49140625 0.046875 0.06875
1 0.56953125 0.49296875 0.0375 0.046875
1 0.61328125 0.49609375 0.0625 0.071875
7 0.615625 0.27421875 0.0234375 0.0859375
1 0.88125 0.49921875 0.2328125 0.1578125
1 0.884375 0.4921875 0.22265625 0.19140625
3 0.8140625 0.46171875 0.0234375 0.1
3 0.815625 0.45703125 0.01953125 0.09765625