1 0.375 0.48515625 0.0296875 0.0375
9 0.44140625 0.390625 0.01953125 0.03125
1 0.49296875 0.49609375 0.053125 0.0640625
1 0.56171875 0.48515625 0.0609375 0.071875
1 0.5640625 0.4859375 0.0609375 0.0765625
1 0.66796875 0.4671875 0.0609375 0.053125
1 0.671875 0.46875 0.0546875 0.0625
1 0.7390625 0.48359375 0.0609375 0.05078125
1 0.76171875 0.4734375 0.1 0.053125
1 0.81640625 0.478125 0.0953125 0.05625
1 0.7984375 0.484375 0.0453125 0.0296875
1 0.85625 0.47265625 0.1015625 0.0625
1 0.8390625 0.4859375 0.0390625 0.05078125