1 0.084375 0.5359375 0.05859375 0.06875
3 0.0765625 0.5296875 0.0234375 0.1015625
1 0.1453125 0.540625 0.0796875 0.0765625
1 0.14921875 0.5390625 0.0765625 0.06875
1 0.22734375 0.53828125 0.05078125 0.06640625
3 0.225 0.5375 0.0328125 0.1546875
3 0.221875 0.5328125 0.02734375 0.140625
3 0.25625 0.525 0.0328125 0.1546875
1 0.28125 0.5390625 0.025 0.05859375
0 0.3796875 0.5375 0.025 0.06875
3 0.37890625 0.5375 0.0171875 0.053125
3 0.38359375 0.5390625 0.0140625 0.053125
3 0.496875 0.52265625 0.046875 0.1625
1 0.4984375 0.5265625 0.0375 0.15625
1 0.5546875 0.54296875 0.05859375 0.06875
1 0.62421875 0.55 0.10546875 0.084375
1 0.6203125 0.5484375 0.08984375 0.08203125
1 0.69921875 0.56953125 0.040625 0.12890625
1 0.81875 0.5296875 0.19921875 0.1234375
1 0.86328125 0.61640625 0.26953125 0.4046875