1 0.1203125 0.52265625 0.078125 0.06875
1 0.1671875 0.51875 0.0453125 0.0609375
1 0.17109375 0.51953125 0.03125 0.0546875
1 0.20625 0.5125 0.0328125 0.05859375
1 0.2390625 0.50625 0.03125 0.05859375
1 0.3 0.50390625 0.0328125 0.0390625
4 0.5125 0.42578125 0.0171875 0.0390625
7 0.53046875 0.453125 0.015625 0.0375
9 0.53046875 0.45625 0.0140625 0.021875
7 0.55546875 0.43828125 0.015625 0.04296875
9 0.55625 0.4421875 0.0171875 0.0296875
1 0.5765625 0.5 0.0296875 0.0609375
1 0.6234375 0.5078125 0.05859375 0.06875