1 0.0109375 0.50390625 0.021875 0.0625
1 0.084375 0.490625 0.0921875 0.084375
1 0.16796875 0.48515625 0.05859375 0.05859375
1 0.25859375 0.47734375 0.02734375 0.025
8 0.38203125 0.28203125 0.025 0.08203125
8 0.38671875 0.275 0.0171875 0.0625
1 0.5125 0.5875 0.2671875 0.32421875
7 0.509375 0.2671875 0.021875 0.0625
7 0.64140625 0.29765625 0.02734375 0.07421875
1 0.73359375 0.46796875 0.0546875 0.0390625
7 0.74921875 0.378125 0.025 0.0703125
1 0.86796875 0.5578125 0.259375 0.3890625
7 0.7515625 0.378125 0.0171875 0.05078125