1 0.9390625 0.653125 0.12109375 0.3109375
1 0.0625 0.50859375 0.03125 0.03515625
7 0.13203125 0.39140625 0.01953125 0.05078125
8 0.13203125 0.39921875 0.015625 0.0390625
1 0.1515625 0.50703125 0.0375 0.0375
5 0.18359375 0.40234375 0.0171875 0.03515625
5 0.184375 0.4078125 0.015625 0.0375
1 0.2703125 0.4921875 0.053125 0.071875
1 0.2734375 0.49609375 0.046875 0.0484375
5 0.2609375 0.45234375 0.0140625 0.03125
1 0.33671875 0.4953125 0.05078125 0.0703125
1 0.36875 0.4953125 0.0234375 0.04296875
1 0.4859375 0.4828125 0.046875 0.0390625
5 0.47578125 0.42890625 0.01953125 0.0390625
5 0.4765625 0.42109375 0.01171875 0.0296875
1 0.5609375 0.50703125 0.1078125 0.13125
1 0.7359375 0.55390625 0.19140625 0.2328125
1 0.7328125 0.54296875 0.16796875 0.16796875