1 0.86015625 0.4890625 0.07421875 0.0453125
3 0.10078125 0.5625 0.2015625 0.78515625
4 0.06328125 0.06875 0.08203125 0.13125
1 0.234375 0.52734375 0.1265625 0.1015625
1 0.21015625 0.515625 0.06640625 0.08203125
1 0.3203125 0.5203125 0.09375 0.10546875
1 0.48515625 0.490625 0.0859375 0.0609375
1 0.5515625 0.49921875 0.115625 0.06640625
4 0.571875 0.028125 0.0296875 0.0546875
7 0.565625 0.36328125 0.015625 0.04296875
7 0.653125 0.35859375 0.0171875 0.05078125
7 0.65234375 0.3578125 0.009375 0.0390625
1 0.74296875 0.49921875 0.11875 0.06640625
7 0.728125 0.41875 0.0140625 0.0484375
7 0.80078125 0.0765625 0.0296875 0.0921875
1 0.92109375 0.4859375 0.103125 0.05625