2 0.5453125 0.503125 0.0546875 0.0484375
1 0.0125 0.5875 0.025 0.134375
2 0.0765625 0.5015625 0.1078125 0.0859375
1 0.09375 0.5765625 0.1390625 0.178125
1 0.28515625 0.59296875 0.321875 0.42578125
4 0.31875 0.33203125 0.0171875 0.05078125
7 0.41484375 0.325 0.0140625 0.0390625
3 0.4546875 0.53125 0.015625 0.0703125
7 0.49296875 0.32734375 0.0140625 0.046875
1 0.746875 0.578125 0.21484375 0.2109375
7 0.68125 0.41796875 0.0234375 0.0625
7 0.68046875 0.41484375 0.0140625 0.04296875
1 0.8515625 0.528125 0.08203125 0.06640625
7 0.93125 0.246875 0.0390625 0.1234375
3 0.97265625 0.540625 0.03515625 0.11875