3 0.88203125 0.5265625 0.0375 0.1875
1 0.0484375 0.5609375 0.096875 0.203125
1 0.2703125 0.5359375 0.0546875 0.0625
6 0.3109375 0.34375 0.02734375 0.0609375
8 0.3109375 0.3421875 0.0140625 0.040625
1 0.36640625 0.5375 0.0484375 0.06640625
5 0.39921875 0.34375 0.01171875 0.04296875
1 0.43359375 0.53125 0.0765625 0.1109375
5 0.5421875 0.4375 0.01171875 0.03515625
3 0.6078125 0.5234375 0.01953125 0.0875
3 0.63359375 0.521875 0.01953125 0.078125
2 0.853125 0.46484375 0.29296875 0.178125
1 0.840625 0.521875 0.165625 0.0796875
1 0.84375 0.51953125 0.1625 0.078125