1 0.20703125 0.53203125 0.0484375 0.0546875
1 0.37578125 0.5984375 0.2125 0.28125
8 0.29609375 0.29296875 0.01953125 0.0609375
8 0.2953125 0.284375 0.0140625 0.04296875
7 0.3953125 0.29375 0.0171875 0.0453125
3 0.55859375 0.5109375 0.02734375 0.0765625
7 0.5546875 0.40546875 0.0140625 0.040625
3 0.55625 0.51484375 0.015625 0.071875
0 0.6546875 0.5171875 0.03515625 0.0859375
0 0.65703125 0.51484375 0.025 0.071875
0 0.74921875 0.5125 0.0640625 0.0921875
0 0.75 0.5125 0.04296875 0.08203125
1 0.8453125 0.51484375 0.1421875 0.0765625
7 0.85546875 0.096875 0.0546875 0.19375
7 0.85 0.084375 0.03515625 0.16796875
3 0.92578125 0.53125 0.0609375 0.2125
3 0.9296875 0.5359375 0.040625 0.2046875
1 0.9625 0.503125 0.071875 0.071875