1 0.03046875 0.51875 0.05859375 0.1015625
1 0.878125 0.6234375 0.2421875 0.33203125
1 0.26484375 0.50703125 0.05625 0.05625
1 0.26640625 0.5109375 0.04296875 0.04296875
1 0.36640625 0.49296875 0.03125 0.04296875
1 0.3953125 0.48828125 0.0328125 0.046875
1 0.4546875 0.48828125 0.0328125 0.046875
7 0.45234375 0.42265625 0.0140625 0.02734375
5 0.48515625 0.42265625 0.0140625 0.02734375
5 0.53984375 0.4578125 0.015625 0.0234375
5 0.553125 0.453125 0.0140625 0.02734375
1 0.58125 0.4921875 0.05859375 0.05859375