1 0.9703125 0.4921875 0.05859375 0.08203125
1 0.075 0.57109375 0.15 0.17578125
1 0.19375 0.528125 0.09765625 0.16015625
1 0.26484375 0.5296875 0.0546875 0.10546875
1 0.30390625 0.51953125 0.0375 0.0875
1 0.34296875 0.5140625 0.0609375 0.0703125
1 0.45625 0.503125 0.1015625 0.0765625
1 0.5015625 0.48515625 0.0390625 0.0453125
1 0.5703125 0.48515625 0.046875 0.0375
1 0.8296875 0.478125 0.0484375 0.04296875
1 0.86796875 0.47734375 0.053125 0.0453125
1 0.86796875 0.47578125 0.053125 0.0390625
1 0.9171875 0.475 0.0453125 0.0328125