1 0.015625 0.58203125 0.03125 0.14453125
2 0.0765625 0.5015625 0.109375 0.0875
1 0.09375 0.5765625 0.140625 0.1796875
1 0.28515625 0.59296875 0.32421875 0.42578125
8 0.31875 0.33203125 0.0171875 0.05078125
7 0.41484375 0.325 0.015625 0.040625
7 0.49296875 0.32734375 0.015625 0.046875
3 0.5609375 0.53125 0.015625 0.0703125
1 0.6234375 0.5359375 0.08203125 0.06640625
1 0.7296875 0.57734375 0.1890625 0.1890625
7 0.68046875 0.41484375 0.015625 0.04296875
1 0.85 0.51875 0.1234375 0.078125
7 0.93125 0.246875 0.040625 0.1234375
3 0.9640625 0.53984375 0.03515625 0.1171875