2 0.06328125 0.50703125 0.1265625 0.11875
2 0.03828125 0.50703125 0.0765625 0.109375
1 0.096875 0.57890625 0.12890625 0.17578125
1 0.2875 0.590625 0.31875 0.4125
4 0.31640625 0.32890625 0.01953125 0.0625
7 0.41328125 0.32734375 0.0234375 0.053125
7 0.415625 0.3359375 0.0171875 0.0546875
7 0.4921875 0.32890625 0.0234375 0.0640625
7 0.49296875 0.328125 0.0171875 0.046875
1 0.5234375 0.5109375 0.05859375 0.071875
2 0.525 0.503125 0.0375 0.0625
1 0.54765625 0.5265625 0.0765625 0.0796875
1 0.55 0.5328125 0.078125 0.0765625
1 0.63203125 0.54296875 0.0453125 0.1171875
1 0.79765625 0.63203125 0.375 0.36328125
7 0.67890625 0.421875 0.01953125 0.053125
1 0.9421875 0.51953125 0.0796875 0.0609375
7 0.93125 0.25703125 0.05625 0.1640625
3 0.9609375 0.5234375 0.025 0.06640625