1 0.11796875 0.5375 0.0546875 0.0609375
1 0.15546875 0.53828125 0.0453125 0.0609375
1 0.159375 0.5375 0.0375 0.05625
1 0.18828125 0.53984375 0.0375 0.0546875
1 0.21171875 0.5328125 0.03125 0.0546875
1 0.253125 0.53203125 0.03515625 0.0390625
1 0.25625 0.528125 0.0375 0.0328125
1 0.3890625 0.5546875 0.15625 0.2203125
1 0.4640625 0.5359375 0.040625 0.1015625
1 0.51875 0.525 0.0484375 0.05859375
1 0.5203125 0.52421875 0.0375 0.0546875
3 0.57421875 0.52265625 0.025 0.078125
3 0.57421875 0.51953125 0.0171875 0.078125
1 0.62578125 0.50703125 0.05625 0.05625
1 0.88125 0.6015625 0.234375 0.44375