1 0.15 0.5265625 0.025 0.040625
1 0.1921875 0.54296875 0.084375 0.06640625
1 0.1890625 0.5421875 0.0703125 0.0546875
1 0.26953125 0.51875 0.025 0.040625
8 0.32890625 0.38125 0.0171875 0.03515625
8 0.32890625 0.38984375 0.0171875 0.04296875
1 0.3734375 0.53046875 0.05625 0.0703125
1 0.375 0.534375 0.053125 0.06640625
7 0.3953125 0.39453125 0.015625 0.0390625
7 0.39765625 0.390625 0.0171875 0.0390625
1 0.4203125 0.5171875 0.0453125 0.05859375
1 0.45625 0.5234375 0.046875 0.078125
7 0.453125 0.40625 0.0140625 0.03515625
7 0.4546875 0.4125 0.015625 0.0390625
1 0.496875 0.5390625 0.0703125 0.0953125
4 0.525 0.446875 0.0140625 0.03515625
1 0.56328125 0.509375 0.071875 0.1078125
1 0.565625 0.515625 0.06875 0.0875
1 0.6984375 0.5484375 0.12890625 0.11875
7 0.69375 0.41796875 0.02734375 0.0546875
7 0.696875 0.42109375 0.021875 0.053125