1 0.8859375 0.6203125 0.2265625 0.303125
2 0.03046875 0.49609375 0.05859375 0.10546875
1 0.028125 0.51953125 0.0546875 0.0609375
2 0.0328125 0.46171875 0.05859375 0.0609375
1 0.1578125 0.4984375 0.0296875 0.0328125
1 0.2140625 0.49296875 0.05625 0.06640625
1 0.3375 0.496875 0.025 0.0453125
1 0.3703125 0.4984375 0.0484375 0.05078125
1 0.43046875 0.49609375 0.08984375 0.115625
1 0.5546875 0.50078125 0.103125 0.12890625
1 0.64140625 0.51953125 0.1578125 0.15234375
1 0.8 0.490625 0.06640625 0.0765625