1 0.2453125 0.56953125 0.12109375 0.13125
2 0.303125 0.49921875 0.1109375 0.178125
1 0.36796875 0.53515625 0.0234375 0.0859375
4 0.396875 0.39453125 0.015625 0.040625
1 0.42890625 0.5296875 0.07421875 0.1078125
7 0.4609375 0.39140625 0.0171875 0.046875
7 0.459375 0.390625 0.009375 0.03125
1 0.4890625 0.5078125 0.0296875 0.05078125
2 0.54375 0.47734375 0.103125 0.1859375
1 0.615625 0.55078125 0.12890625 0.1390625
1 0.71953125 0.484375 0.12109375 0.07421875
1 0.72265625 0.4796875 0.10546875 0.078125
3 0.68671875 0.5046875 0.015625 0.0625
3 0.6859375 0.5046875 0.0140625 0.053125
3 0.6984375 0.503125 0.015625 0.05078125
3 0.70234375 0.50859375 0.009375 0.0625
3 0.71484375 0.5 0.01171875 0.05625
3 0.7171875 0.49609375 0.0140625 0.0453125