1 0.928125 0.584375 0.1421875 0.46484375
1 0.80859375 0.57890625 0.29296875 0.28515625
1 0.27265625 0.52421875 0.05859375 0.0640625
1 0.275 0.52734375 0.05078125 0.05078125
1 0.3390625 0.51953125 0.0328125 0.05078125
1 0.37109375 0.5203125 0.05078125 0.05859375
1 0.378125 0.525 0.040625 0.05078125
1 0.4359375 0.525 0.040625 0.0546875
1 0.4390625 0.5265625 0.0375 0.05078125
0 0.49609375 0.525 0.01953125 0.071875
0 0.5015625 0.51875 0.021875 0.0609375
1 0.53515625 0.51171875 0.04296875 0.13671875
1 0.5921875 0.53046875 0.1109375 0.1421875