1 0.0578125 0.5453125 0.053125 0.04296875
1 0.171875 0.54765625 0.078125 0.084375
1 0.175 0.54765625 0.078125 0.084375
1 0.2546875 0.546875 0.0796875 0.1078125
1 0.39921875 0.58203125 0.1 0.171875
8 0.3640625 0.21953125 0.02734375 0.078125
5 0.51640625 0.25859375 0.02734375 0.078125
1 0.5484375 0.5453125 0.0765625 0.1734375
1 0.6375 0.55859375 0.16015625 0.2109375
5 0.64921875 0.29765625 0.03125 0.0765625
5 0.646875 0.28984375 0.021875 0.0703125
1 0.88203125 0.6609375 0.23046875 0.5765625
5 0.8015625 0.403125 0.0234375 0.05078125