1 0.0453125 0.60625 0.08984375 0.5375
1 0.059375 0.496875 0.0765625 0.09765625
1 0.1125 0.43671875 0.15625 0.13671875
2 0.1328125 0.490625 0.1875 0.2125
1 0.1984375 0.54375 0.203125 0.1890625
8 0.246875 0.35 0.0234375 0.0640625
4 0.25078125 0.3484375 0.01953125 0.05078125
4 0.30546875 0.35546875 0.01953125 0.06640625
1 0.34765625 0.496875 0.06640625 0.0875
1 0.46953125 0.55625 0.2484375 0.27734375
5 0.38203125 0.35859375 0.01953125 0.05625
4 0.3890625 0.34375 0.0171875 0.046875
5 0.44453125 0.3609375 0.0328125 0.078125
7 0.44609375 0.34375 0.0171875 0.05078125
5 0.56953125 0.41484375 0.0171875 0.0609375
5 0.56953125 0.4140625 0.0171875 0.0453125
1 0.7640625 0.490625 0.03125 0.07421875
1 0.78203125 0.49375 0.06875 0.06875
1 0.88671875 0.525 0.22265625 0.4765625