1 0.084375 0.39921875 0.16796875 0.15625
1 0.084375 0.575 0.16796875 0.3265625
1 0.209375 0.4953125 0.03125 0.0609375
2 0.28125 0.44375 0.1265625 0.1703125
1 0.3640625 0.471875 0.0609375 0.078125
7 0.35078125 0.4 0.01953125 0.0328125
7 0.35234375 0.4015625 0.015625 0.02734375
7 0.378125 0.39140625 0.015625 0.02734375
7 0.38125 0.40234375 0.0140625 0.0296875
1 0.3984375 0.4765625 0.0296875 0.040625
1 0.42109375 0.475 0.03515625 0.0546875
7 0.421875 0.39140625 0.015625 0.03125
7 0.421875 0.3953125 0.015625 0.0296875
7 0.4515625 0.3890625 0.015625 0.0375
7 0.4546875 0.3984375 0.0140625 0.03125
1 0.4734375 0.4765625 0.0484375 0.0546875
1 0.51484375 0.46484375 0.0546875 0.05078125
7 0.51484375 0.421875 0.0140625 0.02734375
1 0.6984375 0.45 0.0640625 0.04296875