1 0.015625 0.58203125 0.03125 0.14453125
2 0.0765625 0.5015625 0.1078125 0.0859375
1 0.09375 0.5765625 0.1390625 0.178125
1 0.28515625 0.59296875 0.321875 0.42578125
8 0.31875 0.33203125 0.0171875 0.05078125
7 0.41484375 0.325 0.0140625 0.0390625
7 0.49296875 0.32734375 0.0140625 0.046875
1 0.60859375 0.53515625 0.09765625 0.0625
1 0.721875 0.57734375 0.1890625 0.1875
7 0.68046875 0.41484375 0.0140625 0.04296875
1 0.8296875 0.5203125 0.1015625 0.07421875
7 0.93125 0.246875 0.0390625 0.1234375
3 0.9640625 0.53984375 0.03515625 0.1171875