3 0.025 0.5640625 0.0484375 0.15
3 0.0828125 0.53984375 0.0140625 0.0703125
1 0.1234375 0.55390625 0.0796875 0.103125
1 0.22734375 0.5484375 0.0796875 0.11875
1 0.28203125 0.5296875 0.021875 0.0484375
1 0.4015625 0.5140625 0.0171875 0.04296875
1 0.434375 0.5203125 0.0546875 0.0640625
3 0.4703125 0.5265625 0.021875 0.1265625
4 0.58125 0.30859375 0.0296875 0.09375
3 0.603125 0.496875 0.0234375 0.10546875
1 0.8578125 0.5171875 0.2671875 0.16796875
3 0.828125 0.440625 0.0234375 0.05078125
3 0.82890625 0.4609375 0.0234375 0.071875
3 0.834375 0.43671875 0.01953125 0.0390625
3 0.8421875 0.4421875 0.0234375 0.0390625
3 0.86640625 0.43671875 0.025 0.04296875
3 0.878125 0.434375 0.0328125 0.0546875
3 0.91484375 0.43359375 0.0234375 0.05078125
3 0.91484375 0.434375 0.0234375 0.046875
3 0.91875 0.425 0.0140625 0.04296875
3 0.9421875 0.434375 0.0328125 0.07421875