1 0.0765625 0.4546875 0.15234375 0.296875
2 0.2265625 0.434375 0.1640625 0.1796875
1 0.30546875 0.484375 0.01953125 0.0546875
1 0.33515625 0.47265625 0.06640625 0.0875
7 0.33515625 0.39140625 0.01953125 0.0328125
7 0.334375 0.396875 0.015625 0.02734375
7 0.365625 0.39140625 0.015625 0.02734375
7 0.3703125 0.39453125 0.0140625 0.0296875
1 0.40546875 0.48515625 0.040625 0.0609375
7 0.41015625 0.38984375 0.015625 0.03125
7 0.41484375 0.38984375 0.015625 0.0296875
7 0.44453125 0.39140625 0.015625 0.0375
7 0.44609375 0.39375 0.0140625 0.03125
1 0.46875 0.4859375 0.05625 0.0640625
7 0.515625 0.425 0.0140625 0.02734375
1 0.565625 0.471875 0.078125 0.046875
1 0.5671875 0.4734375 0.078125 0.040625
1 0.73125 0.4640625 0.0546875 0.0484375
1 0.92890625 0.453125 0.0640625 0.04296875