1 0.028125 0.578125 0.05625 0.15234375
1 0.025 0.56953125 0.0484375 0.15234375
2 0.0765625 0.5015625 0.109375 0.0875
1 0.08984375 0.57734375 0.13671875 0.1796875
1 0.28515625 0.5921875 0.3265625 0.4234375
4 0.31875 0.3296875 0.0171875 0.05078125
7 0.4140625 0.325 0.015625 0.04296875
7 0.4921875 0.3265625 0.015625 0.0484375
1 0.53828125 0.5234375 0.06640625 0.0640625
1 0.696875 0.565625 0.16796875 0.1796875
3 0.62890625 0.5234375 0.01953125 0.05625
3 0.6296875 0.5140625 0.015625 0.040625
7 0.6796875 0.41484375 0.015625 0.04296875
7 0.92890625 0.25078125 0.0484375 0.134375
3 0.9609375 0.540625 0.03125 0.11875