1 0.12109375 0.5421875 0.06875 0.078125
1 0.1796875 0.5390625 0.0484375 0.06640625
1 0.3296875 0.653125 0.328125 0.428125
8 0.28046875 0.278125 0.0234375 0.06640625
7 0.390625 0.2875 0.0234375 0.0765625
3 0.50390625 0.5296875 0.0296875 0.0859375
3 0.521875 0.51953125 0.01953125 0.078125
3 0.53515625 0.51875 0.0140625 0.078125
7 0.56328125 0.4125 0.025 0.06875
3 0.6296875 0.53125 0.02734375 0.08203125
0 0.65703125 0.52421875 0.0328125 0.0875
3 0.68671875 0.53046875 0.021875 0.078125
3 0.70390625 0.52265625 0.01953125 0.0859375
3 0.725 0.521875 0.01953125 0.0875
3 0.765625 0.52265625 0.021875 0.078125