1 0.8375 0.4859375 0.1234375 0.0640625
1 0.09765625 0.5875 0.1953125 0.3359375
8 0.2484375 0.3484375 0.0234375 0.0625
4 0.25390625 0.33515625 0.01953125 0.05078125
4 0.30546875 0.35234375 0.01953125 0.0640625
1 0.4796875 0.60625 0.3109375 0.415625
5 0.38203125 0.35546875 0.01953125 0.05625
4 0.39140625 0.3328125 0.0171875 0.046875
5 0.44453125 0.35859375 0.0328125 0.0765625
7 0.44609375 0.3421875 0.0171875 0.05078125
5 0.56953125 0.41484375 0.0171875 0.0609375
5 0.571875 0.40625 0.0171875 0.0453125