1 0.2203125 0.53828125 0.053125 0.0609375
1 0.2234375 0.5375 0.046875 0.05625
1 0.3546875 0.55625 0.0765625 0.084375
5 0.41484375 0.4 0.009375 0.03125
5 0.4171875 0.39921875 0.01171875 0.03125
1 0.45 0.54765625 0.0609375 0.0875
5 0.471875 0.40625 0.01171875 0.02734375
5 0.471875 0.4125 0.009375 0.0234375
5 0.5265625 0.471875 0.0140625 0.03125
4 0.528125 0.46953125 0.01171875 0.0375
5 0.54375 0.45234375 0.009375 0.03515625
5 0.54609375 0.453125 0.009375 0.0328125
3 0.57109375 0.5421875 0.0140625 0.0875
3 0.5796875 0.540625 0.0171875 0.0859375
3 0.58671875 0.54296875 0.01171875 0.0921875
3 0.60078125 0.53828125 0.0171875 0.084375
3 0.6015625 0.5375 0.01171875 0.0875
3 0.61796875 0.5296875 0.01953125 0.0859375
3 0.6203125 0.53203125 0.01171875 0.08203125