1 0.0703125 0.52265625 0.0453125 0.040625
1 0.07421875 0.5234375 0.040625 0.0375
3 0.103125 0.5234375 0.0140625 0.05078125
1 0.21953125 0.48515625 0.2015625 0.30859375
2 0.22734375 0.4625 0.19375 0.296875
1 0.39140625 0.51171875 0.05625 0.0703125
1 0.42890625 0.48515625 0.040625 0.05859375
2 0.4265625 0.48359375 0.03515625 0.0609375
1 0.4640625 0.48359375 0.02734375 0.04296875
1 0.47734375 0.5046875 0.04296875 0.0625
3 0.6109375 0.5 0.01953125 0.0609375
1 0.6890625 0.471875 0.0453125 0.04296875
1 0.8265625 0.503125 0.18125 0.11328125
1 0.8328125 0.5015625 0.1734375 0.11328125