1 0.14453125 0.57890625 0.28515625 0.44921875
1 0.05859375 0.49921875 0.0703125 0.09765625
8 0.21875 0.3484375 0.0234375 0.0625
4 0.221875 0.353125 0.01953125 0.05078125
4 0.2796875 0.346875 0.01953125 0.06640625
1 0.3109375 0.534375 0.0796875 0.12109375
1 0.378125 0.52421875 0.04296875 0.071875
5 0.3703125 0.3421875 0.01953125 0.05625
4 0.37109375 0.3421875 0.0171875 0.046875
1 0.4546875 0.54375 0.15 0.18125
5 0.43671875 0.35625 0.0328125 0.0765625
7 0.4359375 0.346875 0.0171875 0.05078125
5 0.5671875 0.41796875 0.0171875 0.053125
5 0.5703125 0.43359375 0.0171875 0.0625
1 0.8 0.496875 0.08203125 0.078125
1 0.7953125 0.50859375 0.05625 0.0796875
1 0.84375 0.49296875 0.0859375 0.0953125