1 0.0875 0.54609375 0.1546875 0.0921875
1 0.17890625 0.53984375 0.046875 0.06640625
1 0.3296875 0.653125 0.3296875 0.4234375
8 0.28046875 0.27734375 0.021875 0.0640625
7 0.38984375 0.2875 0.021875 0.07421875
3 0.48359375 0.51953125 0.040625 0.0703125
3 0.4796875 0.5234375 0.01953125 0.0609375
0 0.509375 0.53046875 0.0328125 0.07421875
3 0.5328125 0.53203125 0.0171875 0.07421875
3 0.54765625 0.53125 0.01953125 0.07421875
7 0.56328125 0.4109375 0.0234375 0.0640625
3 0.6 0.5296875 0.0171875 0.078125
1 0.69375 0.5359375 0.15234375 0.0875
0 0.6640625 0.50859375 0.0234375 0.05078125
3 0.8078125 0.5453125 0.071875 0.2171875
3 0.81171875 0.54765625 0.08203125 0.21875