5 0.9703125 0.246875 0.04296875 0.134375
1 0.06171875 0.6078125 0.1234375 0.3515625
1 0.196875 0.56171875 0.04296875 0.046875
1 0.271875 0.56328125 0.0546875 0.0609375
1 0.31328125 0.559375 0.0484375 0.0875
4 0.31328125 0.34296875 0.0140625 0.0484375
1 0.38203125 0.57109375 0.1234375 0.18125
4 0.41328125 0.34375 0.0171875 0.0546875
1 0.45 0.5546875 0.0375 0.1078125
4 0.496875 0.33984375 0.0171875 0.046875
1 0.546875 0.51875 0.05078125 0.078125
1 0.62421875 0.565625 0.0703125 0.1234375
1 0.7625 0.628125 0.3203125 0.31875
4 0.684375 0.43671875 0.021875 0.05625
1 0.9328125 0.53125 0.13125 0.078125