1 0.065625 0.5953125 0.13125 0.16015625
1 0.16796875 0.54609375 0.11875 0.071875
1 0.17265625 0.55078125 0.1078125 0.06640625
1 0.24296875 0.54765625 0.03515625 0.05625
1 0.3109375 0.5546875 0.109375 0.0609375
1 0.3140625 0.55 0.1109375 0.0703125
1 0.378125 0.5484375 0.0640625 0.05859375
1 0.37109375 0.53984375 0.0453125 0.046875
1 0.4 0.5328125 0.01953125 0.040625
1 0.5921875 0.525 0.1078125 0.0640625
1 0.68125 0.5734375 0.115625 0.134375
1 0.8234375 0.5921875 0.1734375 0.225
1 0.9671875 0.51875 0.0625 0.0640625