1 0.05625 0.5625 0.0546875 0.08203125
1 0.11640625 0.559375 0.0875 0.0875
1 0.19453125 0.559375 0.08203125 0.0765625
2 0.23359375 0.51171875 0.08203125 0.12109375
4 0.2484375 0.25703125 0.025 0.07421875
6 0.25078125 0.25859375 0.01953125 0.0765625
1 0.3015625 0.553125 0.0796875 0.10546875
1 0.4046875 0.565625 0.1109375 0.1390625
5 0.37890625 0.2640625 0.02734375 0.07421875
4 0.3796875 0.26953125 0.025 0.0765625
3 0.48046875 0.53828125 0.0234375 0.078125
3 0.4796875 0.54609375 0.0171875 0.0546875
4 0.578125 0.41484375 0.02734375 0.0796875
3 0.6390625 0.54765625 0.025 0.103125
3 0.66484375 0.54296875 0.02734375 0.1078125
3 0.68046875 0.54375 0.0140625 0.10546875
3 0.69375 0.546875 0.03125 0.1078125
0 0.7546875 0.54765625 0.04296875 0.1484375
0 0.7515625 0.54296875 0.03515625 0.134375
3 0.76953125 0.5484375 0.021875 0.1234375
3 0.79609375 0.54296875 0.03125 0.13671875
3 0.91796875 0.51875 0.0296875 0.0703125