1 0.0828125 0.5203125 0.165625 0.1890625
1 0.0640625 0.4921875 0.08984375 0.0921875
1 0.2 0.5046875 0.053125 0.05625
1 0.2078125 0.503125 0.05859375 0.0484375
1 0.28046875 0.49921875 0.115625 0.16796875
8 0.25 0.34375 0.0234375 0.06640625
1 0.29375 0.4953125 0.1109375 0.1171875
4 0.25390625 0.33515625 0.01953125 0.05078125
1 0.478125 0.634375 0.446875 0.4765625
4 0.30625 0.3453125 0.01953125 0.05859375
5 0.384375 0.3453125 0.01953125 0.0546875
4 0.39140625 0.3328125 0.0171875 0.046875
5 0.44609375 0.35 0.0328125 0.078125
7 0.44609375 0.340625 0.0171875 0.0484375
5 0.56953125 0.41484375 0.0171875 0.0609375
5 0.571875 0.40625 0.0171875 0.0453125
1 0.83125 0.48515625 0.1234375 0.09765625