4 0.07109375 0.08515625 0.109375 0.15625
1 0.228125 0.51953125 0.140625 0.125
1 0.3 0.50859375 0.05859375 0.0765625
1 0.309375 0.5078125 0.040625 0.071875
1 0.37578125 0.49921875 0.0375 0.05078125
1 0.4328125 0.49609375 0.0390625 0.0625
1 0.4328125 0.49375 0.03515625 0.0453125
1 0.46484375 0.49609375 0.03515625 0.05078125
4 0.5703125 0.028125 0.025 0.05625
4 0.565625 0.36015625 0.01171875 0.05078125
7 0.65234375 0.35546875 0.015625 0.0390625
7 0.72578125 0.41015625 0.015625 0.04296875
7 0.80078125 0.0734375 0.025 0.08984375
3 0.8640625 0.4765625 0.0234375 0.0703125
3 0.87109375 0.48125 0.021875 0.053125
0 0.9640625 0.49296875 0.0296875 0.1
3 0.99140625 0.48125 0.01171875 0.084375