1 0.4328125 0.515625 0.0453125 0.05859375
3 0.03046875 0.54609375 0.0171875 0.1015625
3 0.04609375 0.57109375 0.0171875 0.053125
3 0.06171875 0.54765625 0.025 0.1234375
3 0.0671875 0.546875 0.0296875 0.11328125
3 0.09296875 0.53046875 0.0171875 0.06640625
1 0.1265625 0.55546875 0.078125 0.08203125
1 0.22734375 0.5453125 0.084375 0.09375
1 0.28203125 0.5296875 0.03125 0.0640625
1 0.309375 0.51953125 0.0296875 0.0640625
1 0.5 0.53046875 0.19375 0.1328125
4 0.58203125 0.31328125 0.025 0.0953125
3 0.8828125 0.475 0.021875 0.1234375
3 0.89375 0.47734375 0.0171875 0.13125
3 0.91015625 0.4796875 0.01953125 0.12109375
3 0.98515625 0.48046875 0.025 0.16015625