1 0.08203125 0.590625 0.1640625 0.228125
1 0.08515625 0.6015625 0.1703125 0.240625
2 0.06171875 0.478125 0.12109375 0.1546875
1 0.184375 0.47734375 0.14453125 0.11875
2 0.1765625 0.50078125 0.078125 0.134375
1 0.28125 0.621875 0.26953125 0.3140625
2 0.3984375 0.515625 0.1234375 0.209375
1 0.4328125 0.51484375 0.084375 0.26953125
1 0.5046875 0.5296875 0.05078125 0.06640625
1 0.553125 0.5265625 0.046875 0.15625
1 0.5796875 0.525 0.09375 0.1265625
1 0.65234375 0.55390625 0.1703125 0.1640625
2 0.7390625 0.47578125 0.11875 0.1890625
1 0.75 0.47578125 0.0875 0.1484375