2 0.0578125 0.51484375 0.115625 0.115625
1 0.0921875 0.58203125 0.1265625 0.178125
1 0.290625 0.59453125 0.31640625 0.4203125
4 0.31640625 0.33203125 0.01953125 0.05859375
7 0.4140625 0.3265625 0.0234375 0.0546875
7 0.415625 0.3375 0.0171875 0.0546875
1 0.51640625 0.55859375 0.1484375 0.1265625
1 0.51875 0.5375 0.14453125 0.0859375
7 0.4921875 0.32890625 0.0234375 0.06875
7 0.49296875 0.328125 0.0171875 0.046875
1 0.51484375 0.53125 0.040625 0.07421875
1 0.6296875 0.54296875 0.0453125 0.1171875
1 0.79765625 0.628125 0.3734375 0.359375
7 0.67890625 0.42578125 0.01953125 0.0546875
1 0.9421875 0.51953125 0.0796875 0.0609375
7 0.93359375 0.2578125 0.0546875 0.1546875
3 0.959375 0.5234375 0.025 0.06640625