1 0.053125 0.525 0.10546875 0.1171875
1 0.109375 0.509375 0.02734375 0.08984375
3 0.13984375 0.5203125 0.009375 0.0640625
1 0.171875 0.51953125 0.0703125 0.05078125
1 0.18125 0.52265625 0.06875 0.0625
1 0.240625 0.52265625 0.0484375 0.05859375
1 0.24375 0.5203125 0.046875 0.05859375
3 0.271875 0.509375 0.0234375 0.084375
3 0.2703125 0.51484375 0.01953125 0.08203125
3 0.2921875 0.50859375 0.01953125 0.0953125
3 0.3921875 0.52265625 0.0171875 0.0625
0 0.3953125 0.5203125 0.0171875 0.071875
3 0.39921875 0.51953125 0.009375 0.053125
1 0.49375 0.5265625 0.08984375 0.06640625
1 0.49140625 0.528125 0.07421875 0.05625
1 0.51484375 0.50859375 0.0234375 0.0953125
3 0.5171875 0.50859375 0.0234375 0.103125
1 0.6765625 0.5328125 0.30859375 0.1734375