5 0.1890625 0.434375 0.01953125 0.0390625
1 0.22265625 0.49140625 0.08203125 0.06875
2 0.29765625 0.46953125 0.1484375 0.1171875
2 0.3 0.471875 0.109375 0.1171875
1 0.36328125 0.49296875 0.03515625 0.05078125
1 0.4328125 0.49296875 0.0484375 0.05625
5 0.425 0.33984375 0.0171875 0.0375
1 0.48828125 0.48515625 0.0328125 0.0390625
5 0.525 0.35546875 0.021875 0.046875
5 0.525 0.34765625 0.0140625 0.0390625
1 0.5578125 0.48125 0.05625 0.053125
5 0.5984375 0.4125 0.0171875 0.046875
5 0.5984375 0.42265625 0.015625 0.0296875
1 0.78515625 0.5765625 0.26953125 0.28515625
5 0.69453125 0.37421875 0.0140625 0.0453125
5 0.6984375 0.384375 0.0171875 0.02734375