1 0.1234375 0.540625 0.071875 0.07421875
1 0.3296875 0.65 0.32421875 0.41015625
8 0.28125 0.2765625 0.01953125 0.053125
8 0.284375 0.275 0.01953125 0.0609375
7 0.39140625 0.2875 0.0140625 0.05859375
3 0.5671875 0.5171875 0.02734375 0.07421875
7 0.5640625 0.4078125 0.015625 0.053125
3 0.565625 0.52265625 0.0171875 0.08203125
3 0.5734375 0.51875 0.0140625 0.0703125
3 0.5875 0.51171875 0.01953125 0.0625
0 0.6703125 0.51953125 0.0390625 0.103125
1 0.83203125 0.525 0.178125 0.0875
0 0.78203125 0.5046875 0.0484375 0.053125
1 0.96015625 0.5140625 0.07421875 0.0859375