4 0.178125 0.328125 0.01953125 0.0546875
1 0.23125 0.515625 0.025 0.03125
1 0.25625 0.509375 0.0609375 0.0546875
1 0.31640625 0.52265625 0.0640625 0.0859375
1 0.3140625 0.51953125 0.05078125 0.06875
1 0.2984375 0.51171875 0.01953125 0.01953125
4 0.30859375 0.39453125 0.009375 0.03515625
1 0.3484375 0.51171875 0.0234375 0.05078125
1 0.40234375 0.53828125 0.1109375 0.1265625
4 0.35625 0.35859375 0.0171875 0.040625
5 0.38984375 0.41875 0.009375 0.021875
5 0.41875 0.440625 0.015625 0.0328125
1 0.4671875 0.503125 0.0328125 0.0546875
1 0.46953125 0.509375 0.0328125 0.046875
5 0.490625 0.41484375 0.01953125 0.0375
1 0.54765625 0.5234375 0.05859375 0.05625
1 0.5484375 0.521875 0.05625 0.06640625
1 0.5890625 0.5140625 0.0296875 0.0375
2 0.64140625 0.50390625 0.06875 0.0953125
2 0.64765625 0.5046875 0.0765625 0.103125
5 0.6890625 0.425 0.0140625 0.04296875
1 0.87578125 0.54765625 0.171875 0.1234375
1 0.88203125 0.54765625 0.1703125 0.1234375
1 0.9875 0.6265625 0.01953125 0.16015625