1 0.9375 0.52265625 0.125 0.19140625
1 0.096875 0.5765625 0.19375 0.4453125
1 0.20234375 0.515625 0.05859375 0.0625
1 0.20390625 0.5109375 0.053125 0.053125
1 0.3234375 0.496875 0.040625 0.0390625
1 0.32734375 0.496875 0.0296875 0.04296875
1 0.353125 0.48828125 0.0296875 0.0375
1 0.3734375 0.49140625 0.0296875 0.046875
1 0.4109375 0.4984375 0.05859375 0.078125
1 0.4390625 0.490625 0.03515625 0.05078125
1 0.496875 0.48515625 0.021875 0.021875
1 0.5609375 0.49375 0.03515625 0.05859375
1 0.59765625 0.503125 0.05078125 0.103125
1 0.653125 0.5109375 0.11328125 0.14453125