3 0.06328125 0.49140625 0.04296875 0.103125
3 0.05625 0.51953125 0.0296875 0.078125
3 0.06875 0.48515625 0.0171875 0.0703125
7 0.20390625 0.3453125 0.025 0.06640625
7 0.2046875 0.35 0.025 0.0765625
3 0.303125 0.48359375 0.040625 0.11328125
3 0.38125 0.478125 0.01171875 0.0546875
3 0.3890625 0.49140625 0.01171875 0.05859375
3 0.5265625 0.4828125 0.021875 0.05859375
1 0.5390625 0.48359375 0.0171875 0.05625
1 0.5640625 0.4890625 0.0375 0.0625
1 0.5640625 0.48515625 0.0375 0.046875
7 0.5921875 0.32421875 0.0171875 0.06875
3 0.71796875 0.47578125 0.021875 0.08203125
3 0.71953125 0.4734375 0.021875 0.08984375
1 0.98515625 0.4671875 0.02734375 0.14453125