4 0.06171875 0.0703125 0.09375 0.140625
1 0.10234375 0.521875 0.05078125 0.103125
1 0.1078125 0.5171875 0.053125 0.09765625
1 0.1578125 0.50859375 0.05859375 0.1078125
1 0.4515625 0.4953125 0.021875 0.046875
1 0.47578125 0.49921875 0.03515625 0.0484375
1 0.5921875 0.4921875 0.22265625 0.0921875
2 0.6015625 0.4890625 0.22265625 0.0921875
4 0.5703125 0.025 0.028125 0.05
7 0.565625 0.3640625 0.015625 0.0484375
7 0.653125 0.35859375 0.0171875 0.053125
1 0.7203125 0.49375 0.0390625 0.040625
7 0.728125 0.4171875 0.0140625 0.05078125
7 0.80078125 0.07734375 0.0296875 0.1
1 0.86328125 0.47734375 0.0765625 0.0390625
1 0.92109375 0.4859375 0.103125 0.05625
3 0.9875 0.49375 0.021875 0.1109375