3 0.05546875 0.55078125 0.025 0.1015625
3 0.05546875 0.54375 0.0234375 0.0953125
1 0.1125 0.5609375 0.09765625 0.10546875
1 0.20703125 0.55546875 0.1109375 0.125
1 0.2703125 0.53125 0.0453125 0.109375
1 0.37578125 0.5078125 0.0390625 0.0296875
3 0.39765625 0.50625 0.01953125 0.0546875
3 0.4109375 0.50703125 0.0140625 0.046875
1 0.4359375 0.50390625 0.02734375 0.05859375
1 0.4953125 0.51953125 0.0796875 0.115625
3 0.68359375 0.49140625 0.025 0.11328125
3 0.71171875 0.49609375 0.03515625 0.15234375