0 0.65546875 0.49609375 0.009375 0.03515625
4 0.07109375 0.08515625 0.109375 0.15625
1 0.140625 0.51875 0.18125 0.146875
2 0.25625 0.4703125 0.103125 0.08203125
1 0.3359375 0.5125 0.084375 0.0859375
1 0.32890625 0.5171875 0.0703125 0.078125
1 0.415625 0.496875 0.05078125 0.04296875
1 0.4484375 0.49375 0.03515625 0.03125
1 0.47734375 0.49609375 0.03515625 0.0390625
1 0.48125 0.5 0.0234375 0.0328125
4 0.5703125 0.0296875 0.02734375 0.05625
4 0.56640625 0.36015625 0.015625 0.053125
4 0.65234375 0.35546875 0.015625 0.04296875
1 0.721875 0.50625 0.071875 0.0921875
5 0.72578125 0.41328125 0.015625 0.046875
1 0.76953125 0.50078125 0.0375 0.0921875
1 0.82734375 0.50859375 0.1328125 0.14453125
4 0.80078125 0.07421875 0.02734375 0.0921875
1 0.94375 0.5109375 0.0953125 0.12890625