3 0.121875 0.5109375 0.025 0.0546875
3 0.1234375 0.5109375 0.0234375 0.053125
3 0.20390625 0.5859375 0.06640625 0.26953125
3 0.259375 0.571875 0.05625 0.2421875
3 0.26171875 0.571875 0.046875 0.2359375
3 0.32890625 0.5625 0.06640625 0.265625
3 0.3671875 0.57734375 0.0453125 0.225
1 0.43046875 0.5484375 0.13671875 0.165625
1 0.49609375 0.50625 0.0390625 0.06640625
3 0.496875 0.525 0.02734375 0.1265625
1 0.57109375 0.4984375 0.1390625 0.084375
1 0.6390625 0.496875 0.1 0.0765625
1 0.68359375 0.49375 0.10546875 0.078125
1 0.7078125 0.490625 0.053125 0.078125