1 0.0796875 0.53125 0.15 0.134375
4 0.07109375 0.08515625 0.109375 0.15625
1 0.1765625 0.4984375 0.1 0.0609375
1 0.2953125 0.5109375 0.12109375 0.12109375
1 0.42265625 0.4921875 0.0484375 0.0625
1 0.46171875 0.4921875 0.03515625 0.0453125
1 0.4609375 0.49296875 0.0296875 0.046875
4 0.5703125 0.028125 0.025 0.05625
4 0.56640625 0.36015625 0.0140625 0.05078125
4 0.65234375 0.35546875 0.015625 0.0390625
5 0.72578125 0.4109375 0.015625 0.0453125
4 0.80078125 0.0734375 0.025 0.08984375
3 0.8015625 0.4828125 0.015625 0.05078125
0 0.8109375 0.47734375 0.021875 0.08203125
3 0.88671875 0.48515625 0.01953125 0.08984375
3 0.8875 0.4921875 0.0140625 0.071875
3 0.92578125 0.490625 0.0234375 0.0703125
3 0.9265625 0.48828125 0.01953125 0.06640625