1 0.09453125 0.51484375 0.0328125 0.03125
1 0.1765625 0.49609375 0.08984375 0.06875
1 0.39140625 0.4953125 0.046875 0.05078125
1 0.39453125 0.49375 0.04296875 0.0546875
1 0.428125 0.49296875 0.03125 0.05625
1 0.4640625 0.4921875 0.03515625 0.0484375
1 0.53984375 0.48515625 0.05078125 0.053125
4 0.5703125 0.028125 0.02734375 0.05625
4 0.56640625 0.36015625 0.0140625 0.053125
7 0.653125 0.35546875 0.015625 0.040625
7 0.7265625 0.4015625 0.015625 0.04296875
7 0.7296875 0.40625 0.0140625 0.02734375
7 0.8 0.071875 0.025 0.0921875
3 0.81953125 0.47578125 0.03125 0.0875
3 0.8203125 0.48046875 0.025 0.05625
0 0.971875 0.4921875 0.02734375 0.1015625
3 0.9765625 0.47734375 0.03125 0.15625
3 0.99140625 0.48125 0.01171875 0.084375