1 0.8640625 0.65 0.26953125 0.6703125
1 0.17109375 0.51953125 0.19921875 0.2875
1 0.28046875 0.5546875 0.046875 0.12109375
1 0.28046875 0.54765625 0.04296875 0.134375
1 0.30546875 0.53828125 0.0484375 0.103125
1 0.3125 0.5359375 0.03515625 0.11875
1 0.4 0.5265625 0.05625 0.078125
1 0.446875 0.5296875 0.0296875 0.06640625
1 0.503125 0.5328125 0.0640625 0.08984375
1 0.50390625 0.53203125 0.0625 0.1
1 0.5375 0.553125 0.03125 0.15234375
1 0.6390625 0.5515625 0.1859375 0.2578125
1 0.6390625 0.54296875 0.1859375 0.234375