2 0.07734375 0.353125 0.1546875 0.2796875
2 0.07890625 0.359375 0.1578125 0.2578125
1 0.0484375 0.53671875 0.096875 0.1890625
1 0.19609375 0.52734375 0.196875 0.2109375
6 0.25390625 0.33515625 0.01953125 0.05078125
1 0.48125 0.6546875 0.38671875 0.478125
6 0.3078125 0.3375 0.01953125 0.05078125
7 0.39140625 0.3328125 0.0171875 0.046875
7 0.446875 0.33984375 0.01953125 0.046875
7 0.57109375 0.40625 0.0171875 0.0453125
1 0.65 0.49140625 0.0875 0.0765625
1 0.6578125 0.48515625 0.071875 0.0953125
1 0.840625 0.478125 0.1328125 0.06640625