1 0.06640625 0.565625 0.1328125 0.13671875
7 0.03046875 0.46953125 0.025 0.046875
7 0.03125 0.46015625 0.0140625 0.03125
8 0.31875 0.32890625 0.021875 0.04296875
8 0.3171875 0.32734375 0.0140625 0.03515625
1 0.4015625 0.54375 0.1078125 0.12890625
7 0.4015625 0.32890625 0.0171875 0.04296875
7 0.534375 0.42265625 0.0140625 0.040625
3 0.53515625 0.5140625 0.015625 0.0609375
0 0.615625 0.51171875 0.0296875 0.084375
0 0.61796875 0.5140625 0.01953125 0.06640625
7 0.66484375 0.271875 0.0296875 0.103125
7 0.6625 0.284375 0.01953125 0.11875
0 0.684375 0.5078125 0.05078125 0.05859375
0 0.690625 0.50625 0.025 0.0765625
1 0.753125 0.50859375 0.1234375 0.0609375
3 0.77734375 0.51484375 0.0234375 0.11328125
3 0.78203125 0.515625 0.02734375 0.0921875
1 0.8390625 0.5015625 0.05625 0.07421875