1 0.0390625 0.54375 0.0390625 0.0453125
8 0.09765625 0.43828125 0.0140625 0.0375
1 0.175 0.5421875 0.115625 0.140625
5 0.1875 0.440625 0.01953125 0.0328125
5 0.184375 0.45 0.0140625 0.0375
5 0.25625 0.48359375 0.015625 0.040625
5 0.2546875 0.48515625 0.0140625 0.03125
1 0.271875 0.5421875 0.0328125 0.046875
2 0.325 0.4875 0.08984375 0.16796875
1 0.3640625 0.559375 0.0953125 0.115625
1 0.496875 0.5484375 0.1546875 0.17578125
3 0.7578125 0.50859375 0.0375 0.14453125
3 0.75859375 0.5078125 0.03515625 0.15234375
1 0.91484375 0.5203125 0.12890625 0.0875