1 0.0578125 0.49296875 0.115625 0.3203125
1 0.15546875 0.528125 0.1234375 0.16015625
1 0.2984375 0.5125 0.12890625 0.1484375
7 0.28125 0.34765625 0.01953125 0.03125
8 0.28203125 0.353125 0.0171875 0.046875
8 0.3296875 0.35078125 0.01953125 0.053125
7 0.33203125 0.34375 0.015625 0.02734375
7 0.403125 0.3375 0.015625 0.03125
1 0.49296875 0.553125 0.1890625 0.259375
7 0.45703125 0.3375 0.01953125 0.0375
7 0.5671875 0.3984375 0.02734375 0.0375
1 0.7640625 0.47734375 0.0484375 0.0625
1 0.85234375 0.47265625 0.16796875 0.115625