1 0.0703125 0.5125 0.04296875 0.0484375
1 0.15234375 0.503125 0.05625 0.0609375
1 0.1546875 0.50390625 0.03125 0.053125
1 0.2078125 0.5 0.046875 0.0546875
1 0.19921875 0.5 0.0234375 0.0375
1 0.309375 0.5078125 0.06640625 0.0875
5 0.328125 0.3296875 0.01953125 0.0546875
5 0.328125 0.33515625 0.01953125 0.05078125
5 0.403125 0.3328125 0.0171875 0.04296875
5 0.40546875 0.33203125 0.0171875 0.04296875
1 0.478125 0.48046875 0.06875 0.040625
5 0.465625 0.346875 0.01953125 0.046875
5 0.4671875 0.34375 0.015625 0.0625
5 0.5921875 0.415625 0.0171875 0.0453125
5 0.5953125 0.4125 0.021875 0.0546875
4 0.6375 0.38359375 0.02734375 0.0796875
5 0.6375 0.38359375 0.01953125 0.0453125