3 0.89765625 0.5046875 0.03125 0.1390625
3 0.93828125 0.50703125 0.03515625 0.14453125
3 0.9796875 0.503125 0.040625 0.17578125
1 0.1390625 0.57734375 0.2671875 0.29296875
8 0.1484375 0.40625 0.015625 0.0484375
8 0.14921875 0.39453125 0.0140625 0.0328125
1 0.29375 0.55390625 0.125 0.134375
8 0.45234375 0.29375 0.015625 0.0484375
8 0.45390625 0.29296875 0.015625 0.0484375
1 0.5015625 0.52421875 0.07421875 0.1
5 0.53984375 0.29609375 0.0140625 0.0484375
1 0.66328125 0.53125 0.05859375 0.14453125
1 0.6640625 0.50078125 0.05078125 0.053125
1 0.790625 0.54765625 0.28125 0.3109375
5 0.68046875 0.39921875 0.01953125 0.053125
4 0.89453125 0.2546875 0.03515625 0.13671875