1 0.1890625 0.51953125 0.1390625 0.134375
1 0.18828125 0.515625 0.12890625 0.12890625
1 0.2765625 0.51953125 0.05625 0.03515625
1 0.28203125 0.51484375 0.0609375 0.0484375
1 0.35859375 0.51484375 0.046875 0.078125
1 0.365625 0.51875 0.05625 0.078125
7 0.40625 0.4296875 0.02734375 0.084375
7 0.4078125 0.42890625 0.021875 0.0765625
1 0.48125 0.509375 0.0640625 0.0609375
1 0.55625 0.50703125 0.02734375 0.046875
1 0.59375 0.496875 0.03515625 0.0375
1 0.596875 0.503125 0.0328125 0.04296875
8 0.609375 0.21015625 0.015625 0.046875
8 0.61015625 0.215625 0.0171875 0.053125
7 0.6296875 0.396875 0.015625 0.046875
7 0.63359375 0.39765625 0.015625 0.0390625
1 0.6828125 0.49140625 0.0375 0.046875
1 0.7171875 0.53125 0.0875 0.15625
1 0.740625 0.53984375 0.13125 0.1640625
7 0.6984375 0.384375 0.015625 0.040625
7 0.7 0.39375 0.015625 0.040625
7 0.74296875 0.25 0.01953125 0.05625
7 0.74375 0.246875 0.0171875 0.04296875
7 0.75625 0.43671875 0.0171875 0.040625
1 0.8734375 0.578125 0.24609375 0.4
7 0.75703125 0.42890625 0.01171875 0.0296875
7 0.90546875 0.3671875 0.015625 0.04296875
7 0.90703125 0.37578125 0.01953125 0.053125
3 0.9921875 0.5109375 0.0140625 0.078125