1 0.92265625 0.6265625 0.1546875 0.353125
1 0.0578125 0.55390625 0.1015625 0.07421875
1 0.1359375 0.54375 0.0875 0.0953125
1 0.140625 0.5375 0.0625 0.0796875
3 0.15234375 0.5359375 0.025 0.0859375
1 0.203125 0.53984375 0.0609375 0.0640625
1 0.20390625 0.53828125 0.053125 0.05078125
1 0.24140625 0.53125 0.03125 0.04296875
1 0.35625 0.590625 0.16796875 0.2328125
1 0.5640625 0.5390625 0.0375 0.06875
1 0.6296875 0.54765625 0.1078125 0.2328125
1 0.63203125 0.53828125 0.103125 0.19140625
1 0.7609375 0.5984375 0.1859375 0.259375
1 0.7640625 0.57734375 0.165625 0.2109375