3 0.58125 0.5 0.01171875 0.046875
3 0.59765625 0.503125 0.01171875 0.0484375
1 0.1515625 0.5375 0.05859375 0.0625
1 0.334375 0.63359375 0.30859375 0.38671875
8 0.284375 0.275 0.01953125 0.0609375
8 0.2828125 0.27421875 0.015625 0.0546875
7 0.3921875 0.27734375 0.015625 0.0484375
3 0.5640625 0.5109375 0.02734375 0.07421875
7 0.5640625 0.3984375 0.0171875 0.04296875
3 0.56640625 0.515625 0.0171875 0.071875
0 0.6671875 0.51640625 0.0390625 0.103125
0 0.66796875 0.51953125 0.0234375 0.08203125
0 0.7796875 0.5125 0.07421875 0.09765625
0 0.78046875 0.515625 0.05078125 0.0859375
1 0.8953125 0.5109375 0.178125 0.0875
1 0.97734375 0.50078125 0.04296875 0.071875