3 0.96171875 0.5234375 0.025 0.06640625
2 0.07421875 0.49296875 0.11875 0.1078125
1 0.0984375 0.57734375 0.12890625 0.171875
1 0.28515625 0.5875 0.3203125 0.4078125
4 0.31640625 0.32734375 0.01953125 0.0625
7 0.4140625 0.32734375 0.021875 0.053125
7 0.4921875 0.328125 0.021875 0.0625
1 0.52734375 0.49921875 0.06640625 0.0953125
1 0.79765625 0.63359375 0.3765625 0.3671875
1 0.63359375 0.54296875 0.0453125 0.1171875
7 0.67890625 0.41875 0.0171875 0.05078125
7 0.93046875 0.25625 0.05859375 0.1640625
1 0.9421875 0.51953125 0.0796875 0.0609375