1 0.18828125 0.5203125 0.0484375 0.0921875
1 0.2671875 0.52421875 0.15625 0.1421875
1 0.35078125 0.48359375 0.03515625 0.0609375
5 0.3921875 0.440625 0.0140625 0.03125
5 0.396875 0.43828125 0.015625 0.0328125
1 0.4390625 0.4734375 0.025 0.04296875
1 0.503125 0.503125 0.1265625 0.1796875
5 0.50625 0.39453125 0.01953125 0.03125
5 0.50859375 0.38984375 0.0140625 0.03125
5 0.5578125 0.434375 0.0171875 0.02734375
5 0.55625 0.43671875 0.01171875 0.03125
1 0.56875 0.48515625 0.03125 0.071875
5 0.56953125 0.41875 0.0171875 0.0390625
5 0.56875 0.42890625 0.009375 0.025
1 0.6375 0.49921875 0.0953125 0.1109375
1 0.80390625 0.5625 0.271875 0.275