2 0.21015625 0.25859375 0.33203125 0.5171875
2 0.33984375 0.5 0.13671875 0.13671875
3 0.28828125 0.5046875 0.021875 0.05078125
3 0.290625 0.5109375 0.01953125 0.071875
3 0.32890625 0.49921875 0.0328125 0.1015625
3 0.328125 0.496875 0.0234375 0.0921875
3 0.36640625 0.4953125 0.0296875 0.084375
3 0.36796875 0.49609375 0.025 0.0875
1 0.47734375 0.5078125 0.0375 0.0484375
1 0.5234375 0.5109375 0.103125 0.1328125
4 0.5296875 0.43828125 0.01953125 0.046875
1 0.60625 0.51484375 0.02734375 0.06875
2 0.7203125 0.4671875 0.22265625 0.28125