1 0.028125 0.6046875 0.05625 0.1109375
1 0.0359375 0.60546875 0.0640625 0.1265625
1 0.08515625 0.6109375 0.05625 0.0859375
1 0.12890625 0.559375 0.1109375 0.103125
1 0.1375 0.55078125 0.08203125 0.071875
1 0.128125 0.6109375 0.0328125 0.0609375
1 0.18828125 0.59453125 0.040625 0.084375
1 0.21796875 0.55390625 0.078125 0.05625
1 0.1984375 0.58671875 0.0328125 0.0765625
2 0.37890625 0.4921875 0.16796875 0.3421875
3 0.48828125 0.5703125 0.0296875 0.09375
3 0.5421875 0.57734375 0.02734375 0.13125
3 0.559375 0.58203125 0.0171875 0.115625
3 0.76875 0.5375 0.0390625 0.04296875
3 0.98515625 0.5546875 0.025 0.1703125