1 0.053125 0.565625 0.10546875 0.109375
1 0.134375 0.55546875 0.06640625 0.0875
1 0.18828125 0.5375 0.05078125 0.0640625
1 0.240625 0.53515625 0.046875 0.0609375
8 0.2625 0.3640625 0.01171875 0.0484375
5 0.35546875 0.346875 0.015625 0.05078125
1 0.4078125 0.53515625 0.0546875 0.0796875
5 0.43046875 0.3515625 0.0140625 0.046875
5 0.5734375 0.44609375 0.021875 0.05625
5 0.57421875 0.4296875 0.015625 0.046875
0 0.5828125 0.51484375 0.01171875 0.0609375
3 0.6578125 0.521875 0.0625 0.12109375
0 0.6703125 0.5203125 0.01171875 0.0765625