3 0.98515625 0.5078125 0.0296875 0.2171875
1 0.0484375 0.5515625 0.0953125 0.09375
1 0.0359375 0.57109375 0.0703125 0.0953125
1 0.07109375 0.559375 0.0640625 0.0859375
1 0.1234375 0.55 0.1171875 0.07421875
1 0.1359375 0.546875 0.0921875 0.06640625
1 0.1953125 0.54296875 0.07421875 0.0640625
1 0.2 0.54296875 0.0640625 0.0546875
1 0.30546875 0.5328125 0.0484375 0.06640625
5 0.309375 0.46875 0.01171875 0.03125
1 0.334375 0.528125 0.0328125 0.04296875
1 0.4015625 0.5484375 0.09765625 0.12890625
5 0.46875 0.459375 0.009375 0.03125
1 0.54375 0.50703125 0.0453125 0.103125
1 0.59453125 0.5109375 0.13671875 0.0921875
1 0.56875 0.53515625 0.0625 0.09375
1 0.6046875 0.5328125 0.13125 0.103125
1 0.6609375 0.55546875 0.171875 0.1078125