1 0.96171875 0.50078125 0.0765625 0.1578125
1 0.21875 0.521875 0.071875 0.1
1 0.25625 0.5140625 0.0375 0.053125
1 0.25859375 0.51875 0.0234375 0.0609375
1 0.28203125 0.5078125 0.0328125 0.0484375
1 0.284375 0.50859375 0.02734375 0.05078125
1 0.30546875 0.4984375 0.0390625 0.053125
1 0.30546875 0.50078125 0.0234375 0.0484375
1 0.5890625 0.47265625 0.046875 0.040625
1 0.5859375 0.47734375 0.040625 0.03515625
1 0.6515625 0.46484375 0.0390625 0.04296875
1 0.65 0.46796875 0.0328125 0.0296875
1 0.725 0.45703125 0.02734375 0.01953125
1 0.871875 0.43671875 0.053125 0.04296875
1 0.86796875 0.43046875 0.03125 0.03125