1 0.21796875 0.7 0.43125 0.4765625
3 0.1265625 0.415625 0.0140625 0.03125
4 0.14921875 0.3984375 0.0171875 0.053125
1 0.3828125 0.53203125 0.0296875 0.0453125
1 0.4140625 0.5203125 0.015625 0.0171875
1 0.4484375 0.53046875 0.02734375 0.0328125
4 0.52734375 0.371875 0.01953125 0.06875
3 0.55859375 0.51640625 0.01953125 0.046875
3 0.6453125 0.52734375 0.0171875 0.07421875
3 0.665625 0.52265625 0.021875 0.07421875
3 0.67265625 0.534375 0.025 0.0953125
3 0.8328125 0.5296875 0.0484375 0.23828125
3 0.8921875 0.5265625 0.0484375 0.240625
3 0.97734375 0.559375 0.040625 0.228125