1 0.0171875 0.534375 0.034375 0.0875
1 0.0578125 0.521875 0.06640625 0.07421875
1 0.12890625 0.5078125 0.0609375 0.0875
1 0.2515625 0.49921875 0.053125 0.053125
1 0.29375 0.503125 0.0375 0.0453125
1 0.3296875 0.4984375 0.01953125 0.040625
1 0.3953125 0.49140625 0.021875 0.03125
8 0.4703125 0.4484375 0.01953125 0.040625
4 0.5171875 0.409375 0.0171875 0.0390625
9 0.53984375 0.4484375 0.015625 0.01953125
7 0.540625 0.453125 0.015625 0.0375
9 0.5703125 0.43046875 0.0171875 0.0296875
7 0.5734375 0.43828125 0.015625 0.04296875
1 0.63203125 0.5078125 0.06875 0.0953125
1 0.73125 0.53125 0.11875 0.12109375