3 0.07109375 0.55390625 0.0609375 0.21484375
1 0.1234375 0.53828125 0.071875 0.0765625
0 0.128125 0.54375 0.0546875 0.07421875
3 0.11796875 0.52265625 0.0171875 0.0390625
1 0.3296875 0.65234375 0.33203125 0.41796875
8 0.28046875 0.2765625 0.01953125 0.0625
7 0.38984375 0.2859375 0.01953125 0.071875
0 0.48046875 0.5265625 0.0328125 0.07421875
3 0.5296875 0.52265625 0.0171875 0.05859375
3 0.54375 0.51875 0.0171875 0.0625
7 0.56328125 0.4078125 0.021875 0.0625
0 0.66015625 0.5265625 0.025 0.08984375
1 0.775 0.53125 0.1578125 0.09375
0 0.93359375 0.51953125 0.06640625 0.1