1 0.0859375 0.575 0.171875 0.2171875
1 0.19609375 0.54765625 0.1 0.109375
1 0.20390625 0.55390625 0.08984375 0.1546875
1 0.259375 0.53125 0.103125 0.134375
1 0.26953125 0.5375 0.0796875 0.1421875
1 0.3265625 0.51640625 0.053125 0.103125
1 0.334375 0.5125 0.0609375 0.10546875
1 0.41875 0.51484375 0.0375 0.0484375
1 0.6078125 0.51953125 0.05078125 0.06875
1 0.60625 0.51875 0.0484375 0.0625
1 0.665625 0.53515625 0.05625 0.1234375
1 0.6703125 0.5453125 0.0640625 0.11875
1 0.75703125 0.54375 0.1546875 0.21484375
1 0.7765625 0.54296875 0.1875 0.1875
1 0.90703125 0.60546875 0.18359375 0.3578125