1 0.046875 0.53984375 0.09375 0.1078125
7 0.159375 0.3265625 0.025 0.0765625
7 0.159375 0.334375 0.0234375 0.0765625
3 0.20390625 0.5 0.046875 0.13125
1 0.4625 0.47734375 0.021875 0.03515625
1 0.4875 0.471875 0.021875 0.0328125
1 0.53828125 0.48125 0.0171875 0.05625
1 0.5671875 0.48515625 0.0375 0.046875
1 0.56875 0.49140625 0.0375 0.0625
1 0.60859375 0.4890625 0.0625 0.071875
7 0.60234375 0.2984375 0.0171875 0.0765625
3 0.75390625 0.4640625 0.021875 0.1015625
3 0.7546875 0.465625 0.01953125 0.1
1 0.93046875 0.48515625 0.13125 0.140625
1 0.93359375 0.48046875 0.12890625 0.16796875