1 0.9140625 0.6609375 0.171875 0.40625
1 0.03515625 0.58203125 0.0703125 0.084375
1 0.178125 0.55390625 0.0328125 0.03515625
1 0.22578125 0.54765625 0.0375 0.046875
1 0.3078125 0.57109375 0.13671875 0.1890625
1 0.39921875 0.5484375 0.0328125 0.06875
1 0.39921875 0.54296875 0.0328125 0.05859375
1 0.4296875 0.540625 0.0703125 0.0921875
1 0.434375 0.5375 0.0453125 0.0765625
1 0.4796875 0.55625 0.05078125 0.1
1 0.55390625 0.56953125 0.1546875 0.1484375
1 0.61796875 0.5734375 0.0921875 0.13125
1 0.7390625 0.61796875 0.3046875 0.26953125