1 0.22734375 0.52421875 0.0484375 0.0546875
8 0.30078125 0.3 0.01953125 0.0609375
8 0.30078125 0.29609375 0.01171875 0.040625
1 0.38359375 0.57890625 0.178125 0.225
7 0.39765625 0.303125 0.0171875 0.0453125
3 0.55546875 0.5109375 0.02734375 0.07421875
7 0.55 0.4125 0.0140625 0.0390625
3 0.553125 0.51171875 0.0140625 0.06640625
0 0.64921875 0.5140625 0.0296875 0.084375
0 0.64765625 0.51171875 0.01953125 0.06640625
0 0.740625 0.5078125 0.0640625 0.0921875
0 0.7375 0.50703125 0.0375 0.07421875
1 0.809375 0.509375 0.11875 0.0765625
7 0.796875 0.1390625 0.04296875 0.1703125
7 0.7953125 0.1359375 0.0328125 0.1625
3 0.890625 0.52734375 0.0609375 0.1859375
3 0.884375 0.53125 0.0296875 0.16796875
1 0.940625 0.49609375 0.0859375 0.071875