3 0.81953125 0.48515625 0.0078125 0.05078125
4 0.07109375 0.08515625 0.109375 0.15625
1 0.1203125 0.515625 0.19921875 0.1875
1 0.3421875 0.5109375 0.078125 0.07421875
1 0.425 0.4953125 0.05078125 0.04296875
1 0.42890625 0.4921875 0.05625 0.05859375
1 0.4671875 0.49296875 0.0296875 0.0328125
4 0.5703125 0.0296875 0.025 0.05625
4 0.56640625 0.36015625 0.0140625 0.05078125
4 0.65234375 0.35546875 0.015625 0.0390625
5 0.72578125 0.4125 0.015625 0.046875
0 0.734375 0.48359375 0.021875 0.06640625
4 0.80078125 0.07421875 0.025 0.0921875
1 0.9046875 0.50078125 0.1734375 0.21484375