1 0.8390625 0.48828125 0.1265625 0.0796875
2 0.08203125 0.41484375 0.1640625 0.1109375
1 0.13125 0.55625 0.25 0.2578125
1 0.0609375 0.496875 0.078125 0.09765625
8 0.246875 0.35 0.0234375 0.0640625
4 0.25390625 0.33515625 0.01953125 0.05078125
1 0.32421875 0.49140625 0.0765625 0.08984375
4 0.30546875 0.3546875 0.01953125 0.06640625
1 0.4703125 0.57734375 0.28125 0.3359375
5 0.38203125 0.35625 0.01953125 0.05625
4 0.38984375 0.3375 0.0171875 0.046875
5 0.44453125 0.36015625 0.0328125 0.078125
7 0.44609375 0.3421875 0.0171875 0.05078125
5 0.56953125 0.41484375 0.0171875 0.0609375
5 0.5703125 0.409375 0.0171875 0.0453125