5 0.975 0.4234375 0.0171875 0.0453125
1 0.0734375 0.5953125 0.14453125 0.21484375
1 0.0921875 0.5453125 0.084375 0.06640625
1 0.140625 0.55859375 0.0796875 0.0796875
1 0.19375 0.5640625 0.0375 0.0625
1 0.24140625 0.5578125 0.071875 0.071875
1 0.31171875 0.55078125 0.0609375 0.071875
1 0.30859375 0.55078125 0.053125 0.0859375
1 0.36796875 0.5515625 0.0625 0.0796875
1 0.41015625 0.55078125 0.03125 0.06640625
1 0.4625 0.5453125 0.0609375 0.0609375
6 0.4515625 0.32109375 0.025 0.06640625
1 0.4859375 0.53515625 0.0375 0.0640625
6 0.52265625 0.36875 0.02734375 0.078125
5 0.5203125 0.37421875 0.015625 0.06640625
1 0.5625 0.5296875 0.01953125 0.053125
1 0.571875 0.5375 0.0171875 0.05625
1 0.6140625 0.534375 0.0640625 0.0875
1 0.63203125 0.521875 0.01953125 0.0609375
1 0.65546875 0.53125 0.0296875 0.071875
1 0.675 0.5234375 0.0375 0.0640625
1 0.7703125 0.596875 0.2046875 0.2109375
5 0.70234375 0.2828125 0.03125 0.09765625