1 0.19609375 0.490625 0.06640625 0.046875
1 0.23828125 0.47734375 0.0234375 0.0296875
1 0.23828125 0.4765625 0.01953125 0.0375
2 0.2875 0.49609375 0.0953125 0.18125
1 0.35546875 0.4796875 0.01953125 0.0484375
1 0.38671875 0.5078125 0.0453125 0.08203125
1 0.40625 0.44140625 0.01953125 0.0234375
1 0.44375 0.51953125 0.084375 0.12109375
1 0.42578125 0.4484375 0.0234375 0.02734375
5 0.4390625 0.3609375 0.0140625 0.0375
1 0.4859375 0.46953125 0.02734375 0.0375
1 0.61640625 0.47578125 0.06640625 0.05078125