1 0.9171875 0.48828125 0.0953125 0.0453125
1 0.07421875 0.5375 0.1484375 0.13125
4 0.06328125 0.06875 0.084375 0.1328125
1 0.21171875 0.5125 0.0796875 0.078125
1 0.209375 0.51640625 0.06875 0.084375
1 0.26875 0.515625 0.1171875 0.1015625
1 0.38359375 0.503125 0.1078125 0.07421875
1 0.42890625 0.49296875 0.0796875 0.0703125
4 0.571875 0.02734375 0.0296875 0.05078125
7 0.565625 0.36328125 0.0140625 0.046875
1 0.634375 0.49140625 0.03515625 0.0546875
7 0.653125 0.35859375 0.0171875 0.05078125
7 0.65234375 0.3578125 0.009375 0.0390625
7 0.728125 0.41875 0.0140625 0.0484375
1 0.78828125 0.4984375 0.10546875 0.05625
7 0.80078125 0.075 0.0296875 0.09375
1 0.82109375 0.490625 0.053125 0.04296875
1 0.8625 0.4890625 0.071875 0.0546875