2 0.0578125 0.49140625 0.115625 0.475
1 0.18046875 0.5515625 0.0625 0.07421875
1 0.178125 0.55078125 0.0546875 0.071875
1 0.2125 0.53515625 0.015625 0.03125
1 0.2609375 0.53984375 0.0453125 0.0546875
3 0.37109375 0.52265625 0.02734375 0.04296875
3 0.659375 0.503125 0.01953125 0.071875
3 0.65625 0.50859375 0.0140625 0.0765625
3 0.67578125 0.50625 0.01953125 0.10546875
3 0.6765625 0.503125 0.015625 0.0875
3 0.6984375 0.50625 0.02734375 0.11875
3 0.696875 0.50078125 0.0171875 0.109375
3 0.72265625 0.509375 0.025 0.1171875
3 0.72265625 0.5046875 0.0140625 0.11328125