3 0.97265625 0.6046875 0.05078125 0.4046875
1 0.14765625 0.54296875 0.0609375 0.08203125
1 0.14921875 0.540625 0.05078125 0.06640625
1 0.2125 0.53203125 0.1 0.125
1 0.21171875 0.5328125 0.0859375 0.1078125
1 0.3203125 0.52265625 0.0609375 0.0859375
1 0.41875 0.52265625 0.07421875 0.0921875
1 0.41796875 0.52421875 0.0625 0.0875
7 0.5109375 0.35 0.02734375 0.0875
3 0.5671875 0.51875 0.02734375 0.11328125
3 0.678125 0.60859375 0.0765625 0.6109375
3 0.81328125 0.5828125 0.071875 0.56640625
3 0.8546875 0.63203125 0.1078125 0.703125