1 0.0859375 0.5515625 0.171875 0.103125
3 0.05859375 0.546875 0.0609375 0.1796875
3 0.053125 0.528125 0.021875 0.05625
3 0.12578125 0.5328125 0.0453125 0.18359375
7 0.18046875 0.41015625 0.015625 0.040625
1 0.32109375 0.5875 0.18125 0.2125
1 0.40625 0.51953125 0.0640625 0.0796875
1 0.4046875 0.5203125 0.046875 0.08203125
7 0.48515625 0.38203125 0.015625 0.0546875
3 0.5125 0.53515625 0.03125 0.16015625
3 0.5953125 0.51484375 0.015625 0.078125
3 0.628125 0.5296875 0.03125 0.1484375
3 0.6453125 0.51640625 0.03515625 0.16015625
3 0.64921875 0.51953125 0.0390625 0.1546875