3 0.5046875 0.5109375 0.00625 0.040625
3 0.4984375 0.51171875 0.009375 0.04296875
1 0.1359375 0.5609375 0.1109375 0.1109375
1 0.215625 0.53984375 0.0375 0.040625
8 0.29296875 0.365625 0.01953125 0.05078125
8 0.29375 0.3640625 0.0171875 0.0484375
1 0.3421875 0.525 0.05859375 0.06875
9 0.36640625 0.35625 0.0171875 0.04296875
9 0.3703125 0.35625 0.021875 0.05078125
1 0.41484375 0.51875 0.0296875 0.040625
9 0.484375 0.434375 0.0234375 0.0375
9 0.48515625 0.4421875 0.0140625 0.04296875
1 0.69453125 0.49296875 0.0484375 0.0609375