1 0.034375 0.54765625 0.06875 0.125
1 0.11796875 0.5375 0.12109375 0.115625
1 0.12421875 0.5390625 0.109375 0.11875
1 0.2203125 0.5125 0.08203125 0.0953125
1 0.22578125 0.51484375 0.071875 0.078125
1 0.275 0.5140625 0.053125 0.06640625
1 0.27734375 0.5140625 0.0453125 0.0609375
1 0.275 0.51484375 0.03515625 0.0703125
1 0.3578125 0.49921875 0.0296875 0.0484375
1 0.55 0.4953125 0.0484375 0.07421875
1 0.60234375 0.5015625 0.078125 0.109375
1 0.65234375 0.51953125 0.1109375 0.0953125
1 0.90625 0.4859375 0.165625 0.103125