1 0.9453125 0.58125 0.1078125 0.2953125
1 0.10078125 0.546875 0.2015625 0.24375
1 0.10546875 0.53984375 0.20703125 0.27734375
1 0.240625 0.5203125 0.11875 0.1578125
1 0.24296875 0.51953125 0.103125 0.15625
1 0.32421875 0.50859375 0.071875 0.115625
1 0.32421875 0.5046875 0.071875 0.103125
1 0.36328125 0.5 0.0453125 0.09375
1 0.3640625 0.496875 0.0375 0.078125
2 0.59296875 0.45 0.0375 0.1796875
1 0.6546875 0.45390625 0.1015625 0.1625
2 0.6453125 0.4609375 0.078125 0.1625
1 0.71015625 0.5140625 0.109375 0.16796875
1 0.7328125 0.5140625 0.146875 0.146875
1 0.82890625 0.5453125 0.1421875 0.19375
1 0.82421875 0.5421875 0.13125 0.20703125