3 0.04375 0.5625 0.0234375 0.0875
3 0.190625 0.57109375 0.025 0.15234375
7 0.209375 0.434375 0.0171875 0.0546875
3 0.24140625 0.55625 0.02734375 0.1546875
3 0.2421875 0.559375 0.0296875 0.14453125
3 0.275 0.565625 0.03125 0.13671875
3 0.29375 0.56171875 0.015625 0.13671875
3 0.2984375 0.565625 0.01953125 0.1421875
3 0.31875 0.55625 0.025 0.15
3 0.4078125 0.534375 0.0375 0.0875
3 0.41015625 0.5328125 0.0171875 0.078125
3 0.42265625 0.5375 0.015625 0.0640625
3 0.434375 0.53125 0.0171875 0.0765625
3 0.4796875 0.55 0.0453125 0.14453125
3 0.4734375 0.54296875 0.01953125 0.140625
3 0.47265625 0.521875 0.0171875 0.09375
1 0.49609375 0.52265625 0.0546875 0.0625
1 0.50078125 0.53046875 0.0453125 0.05625
7 0.55859375 0.41484375 0.0171875 0.05625
3 0.56640625 0.5171875 0.0140625 0.0625
1 0.6890625 0.5765625 0.1703125 0.2125
3 0.62578125 0.515625 0.02734375 0.06875
3 0.65234375 0.49140625 0.03515625 0.046875
3 0.64765625 0.49296875 0.0140625 0.0234375
1 0.834375 0.6890625 0.3265625 0.49609375
3 0.746875 0.4515625 0.02734375 0.0625
3 0.78046875 0.46015625 0.0234375 0.0546875