1 0.13203125 0.553125 0.1578125 0.1484375
1 0.23359375 0.55546875 0.05078125 0.10546875
1 0.2859375 0.5375 0.05625 0.0875
1 0.359375 0.534375 0.0375 0.0546875
6 0.3875 0.38984375 0.0171875 0.0546875
8 0.3875 0.39453125 0.01171875 0.03125
1 0.4046875 0.525 0.04296875 0.06640625
1 0.46015625 0.5390625 0.08203125 0.1109375
5 0.45 0.39765625 0.0140625 0.03515625
5 0.5515625 0.46171875 0.0140625 0.03125
3 0.5921875 0.51640625 0.0171875 0.0609375
3 0.6109375 0.51875 0.0140625 0.0640625
5 0.6375 0.390625 0.01953125 0.0546875
3 0.6625 0.5234375 0.021875 0.08984375
2 0.76171875 0.48515625 0.2125 0.12890625