4 0.159375 0.3203125 0.01953125 0.0546875
1 0.2125 0.5203125 0.1015625 0.05859375
1 0.30078125 0.525 0.0625 0.0859375
1 0.30390625 0.525 0.06640625 0.0921875
1 0.2875 0.5125 0.0171875 0.021875
4 0.30078125 0.38984375 0.0171875 0.0390625
1 0.3421875 0.5140625 0.0234375 0.05078125
1 0.39765625 0.540625 0.11875 0.1328125
4 0.35546875 0.3515625 0.0171875 0.040625
5 0.3875 0.4171875 0.01171875 0.0234375
5 0.41796875 0.440625 0.015625 0.0328125
1 0.465625 0.5015625 0.0296875 0.0546875
1 0.46796875 0.51171875 0.0328125 0.0375
5 0.49375 0.4078125 0.01953125 0.0375
1 0.54296875 0.521875 0.05625 0.06640625
1 0.53828125 0.52265625 0.0453125 0.0546875
1 0.59453125 0.51953125 0.03515625 0.03515625
2 0.6453125 0.50859375 0.06640625 0.10546875
2 0.65 0.509375 0.0765625 0.103125
5 0.71171875 0.425 0.0140625 0.04296875
1 0.8484375 0.54765625 0.1171875 0.1234375
1 0.903125 0.58125 0.1875 0.22265625