1 0.028125 0.440625 0.053125 0.0484375
1 0.03984375 0.4421875 0.0546875 0.0453125
1 0.1109375 0.45234375 0.0640625 0.0640625
1 0.1578125 0.4515625 0.0453125 0.053125
1 0.196875 0.4609375 0.0484375 0.06875
1 0.2359375 0.475 0.0625 0.053125
1 0.2375 0.4703125 0.05078125 0.0484375
1 0.309375 0.4671875 0.046875 0.05078125
1 0.31328125 0.4640625 0.040625 0.053125
7 0.425 0.43671875 0.0140625 0.0234375
1 0.47734375 0.51484375 0.1078125 0.1703125
9 0.49609375 0.4125 0.01171875 0.03125
1 0.60078125 0.503125 0.0453125 0.0546875
1 0.6421875 0.51484375 0.053125 0.05625
1 0.67890625 0.5046875 0.040625 0.046875
1 0.74921875 0.5171875 0.06875 0.078125
1 0.7421875 0.51484375 0.05625 0.0640625
1 0.825 0.534375 0.10546875 0.0765625
1 0.828125 0.546875 0.09375 0.1109375
1 0.9 0.53515625 0.078125 0.0640625
1 0.953125 0.5328125 0.0375 0.07421875