1 0.2703125 0.5171875 0.115625 0.0875
3 0.2515625 0.47265625 0.025 0.05859375
1 0.353125 0.50625 0.071875 0.0875
1 0.35625 0.50859375 0.06640625 0.08203125
1 0.396875 0.49140625 0.0453125 0.0875
1 0.4265625 0.5 0.03125 0.0609375
1 0.45625 0.4953125 0.0453125 0.0609375
1 0.48515625 0.4953125 0.03125 0.0609375
1 0.50859375 0.4890625 0.03125 0.0484375
1 0.74140625 0.50859375 0.0609375 0.0640625
1 0.81875 0.5234375 0.0875 0.103125
1 0.9046875 0.53203125 0.11875 0.12890625
1 0.95234375 0.534375 0.0859375 0.1953125