3 0.2625 0.525 0.015625 0.0609375
3 0.203125 0.53125 0.0140625 0.05859375
3 0.4546875 0.5296875 0.015625 0.046875
3 0.43359375 0.53125 0.015625 0.0484375
3 0.4015625 0.5296875 0.0140625 0.05625
3 0.1234375 0.5375 0.0296875 0.09765625
3 0.178125 0.5390625 0.02734375 0.10546875
1 0.32421875 0.53203125 0.08984375 0.06640625
3 0.3171875 0.553125 0.0375 0.1484375
1 0.32890625 0.54765625 0.025 0.1234375
1 0.54375 0.5125 0.1421875 0.0921875
1 0.6046875 0.50625 0.1 0.0765625
3 0.5671875 0.55390625 0.02734375 0.1265625
3 0.59375 0.5390625 0.0328125 0.14453125
1 0.653125 0.5078125 0.10546875 0.078125
0 0.9328125 0.54609375 0.0796875 0.171875