1 0.5828125 0.48515625 0.0390625 0.021875
1 0.39375 0.5046875 0.04296875 0.0375
1 0.5109375 0.49375 0.0765625 0.0453125
1 0.27734375 0.50625 0.05625 0.0453125
1 0.315625 0.503125 0.0765625 0.046875
1 0.9578125 0.6078125 0.08203125 0.28515625
1 0.19375 0.5390625 0.0875 0.078125
7 0.2984375 0.45234375 0.0078125 0.0296875
1 0.42890625 0.5015625 0.053125 0.0703125
7 0.47265625 0.4328125 0.01953125 0.0546875
7 0.47265625 0.4296875 0.0140625 0.0328125
0 0.51953125 0.51953125 0.01953125 0.11328125
1 0.659375 0.509375 0.11875 0.1328125