1 0.9578125 0.5671875 0.08203125 0.203125
1 0.11640625 0.5390625 0.053125 0.05078125
1 0.03203125 0.55 0.0625 0.1171875
1 0.18046875 0.5375 0.0703125 0.0765625
7 0.196875 0.0875 0.0375 0.0703125
5 0.39140625 0.153125 0.0375 0.0703125
1 0.4109375 0.51484375 0.03515625 0.0453125
1 0.446875 0.509375 0.02734375 0.040625
1 0.50078125 0.51640625 0.02734375 0.05625
1 0.5421875 0.55078125 0.09375 0.1015625
5 0.55546875 0.15 0.0328125 0.1109375
5 0.55859375 0.1703125 0.03125 0.08984375
1 0.6078125 0.521875 0.0640625 0.078125
1 0.68125 0.5234375 0.07421875 0.0875
1 0.6734375 0.521875 0.05625 0.09765625
1 0.73359375 0.53046875 0.078125 0.08984375
1 0.7234375 0.53203125 0.05625 0.1109375
1 0.80390625 0.54765625 0.1328125 0.1234375
1 0.79765625 0.5359375 0.1078125 0.0921875
5 0.89140625 0.36640625 0.03125 0.0609375