1 0.16015625 0.51640625 0.15 0.1234375
1 0.1703125 0.509375 0.12890625 0.146875
1 0.1765625 0.4859375 0.06640625 0.0609375
1 0.3296875 0.5078125 0.1015625 0.078125
1 0.340625 0.5140625 0.103125 0.084375
1 0.43046875 0.4875 0.0296875 0.0390625
1 0.525 0.48359375 0.0390625 0.05078125
4 0.571875 0.028125 0.02734375 0.05625
4 0.57109375 0.35859375 0.0140625 0.05078125
7 0.65625 0.3515625 0.0140625 0.0390625
7 0.73046875 0.4015625 0.0140625 0.04296875
7 0.7296875 0.40546875 0.0140625 0.02734375
7 0.7953125 0.0765625 0.0234375 0.0859375
3 0.80390625 0.4765625 0.025 0.08984375
3 0.8078125 0.475 0.01953125 0.05859375
3 0.96015625 0.4875 0.0296875 0.1546875
0 0.9671875 0.4828125 0.025 0.1015625
3 0.99140625 0.48125 0.01171875 0.084375