0 0.13671875 0.50390625 0.0296875 0.03125
1 0.17265625 0.49921875 0.071875 0.04296875
1 0.17578125 0.4984375 0.07421875 0.0375
8 0.2359375 0.4328125 0.0140625 0.03125
8 0.23828125 0.434375 0.015625 0.0328125
1 0.34453125 0.49296875 0.0546875 0.06640625
8 0.36328125 0.3796875 0.01953125 0.04296875
8 0.36328125 0.3796875 0.009375 0.03125
1 0.38359375 0.4875 0.0390625 0.04296875
1 0.38359375 0.48125 0.03125 0.0328125
7 0.41796875 0.3734375 0.015625 0.0375
7 0.41796875 0.371875 0.01171875 0.0296875
7 0.5234375 0.39375 0.015625 0.04296875
1 0.603125 0.471875 0.0765625 0.0609375
3 0.60078125 0.48515625 0.025 0.0796875