1 0.475 0.49609375 0.0296875 0.0296875
1 0.153125 0.4921875 0.04296875 0.0640625
1 0.2078125 0.51484375 0.1421875 0.084375
1 0.3890625 0.4890625 0.0390625 0.05078125
1 0.396875 0.49140625 0.04296875 0.05078125
1 0.44453125 0.49140625 0.0390625 0.0375
2 0.5765625 0.46875 0.071875 0.0703125
4 0.5703125 0.0296875 0.025 0.05625
4 0.565625 0.36015625 0.01171875 0.05078125
7 0.65234375 0.35546875 0.015625 0.0390625
7 0.72578125 0.40546875 0.0140625 0.04296875
7 0.7296875 0.4078125 0.0140625 0.02734375
7 0.8015625 0.0703125 0.0234375 0.08984375
1 0.8703125 0.4765625 0.1421875 0.0609375
0 0.96875 0.4921875 0.0296875 0.1015625
3 0.975 0.47734375 0.0296875 0.1546875
3 0.99140625 0.48125 0.01171875 0.084375