2 0.25625 0.534375 0.05625 0.07421875
6 0.2734375 0.51640625 0.0140625 0.05625
1 0.3265625 0.565625 0.0859375 0.0859375
1 0.34375 0.54375 0.06875 0.0859375
1 0.346875 0.5375 0.05078125 0.06875
5 0.3890625 0.4796875 0.01171875 0.0390625
1 0.45703125 0.55 0.053125 0.0703125
4 0.49140625 0.40625 0.009375 0.03125
1 0.5046875 0.5359375 0.025 0.05078125
1 0.52734375 0.54375 0.02734375 0.05859375
1 0.5640625 0.5546875 0.071875 0.0796875
1 0.56640625 0.5515625 0.05625 0.0703125
1 0.67578125 0.57421875 0.15234375 0.1484375
5 0.6390625 0.4375 0.01953125 0.0484375
5 0.63671875 0.434375 0.01171875 0.03515625