1 0.3046875 0.4953125 0.0765625 0.0640625
1 0.725 0.4859375 0.1265625 0.0875
2 0.06328125 0.3796875 0.125 0.3296875
2 0.06953125 0.3796875 0.1390625 0.296875
1 0.0484375 0.53671875 0.096875 0.1921875
1 0.1953125 0.52734375 0.196875 0.21484375
6 0.25390625 0.33515625 0.01953125 0.05078125
1 0.4828125 0.653125 0.3890625 0.4765625
6 0.3078125 0.3375 0.01953125 0.05078125
7 0.39140625 0.3328125 0.0171875 0.046875
7 0.446875 0.33984375 0.01953125 0.046875
7 0.5703125 0.40625 0.0171875 0.0453125
1 0.86328125 0.4828125 0.17578125 0.134375