1 0.91484375 0.5 0.15 0.13125
1 0.94140625 0.690625 0.1171875 0.44375
1 0.1375 0.51953125 0.09765625 0.1
7 0.1703125 0.41015625 0.01953125 0.05078125
1 0.2171875 0.4984375 0.0375 0.0375
5 0.215625 0.4203125 0.01953125 0.0375
5 0.27734375 0.46171875 0.015625 0.040625
1 0.33671875 0.49140625 0.0375 0.06640625
1 0.3640625 0.496875 0.0390625 0.07421875
1 0.3640625 0.49140625 0.03515625 0.05078125
1 0.39375 0.496875 0.05625 0.0765625
5 0.45703125 0.44453125 0.01953125 0.0390625
5 0.4578125 0.44921875 0.01171875 0.0296875
1 0.51171875 0.49296875 0.05859375 0.0796875
1 0.56171875 0.5078125 0.0375 0.06875
1 0.5890625 0.52265625 0.04296875 0.10546875
1 0.59375 0.51953125 0.0375 0.0875
1 0.6484375 0.5421875 0.103125 0.13671875
1 0.6453125 0.53203125 0.09375 0.1
1 0.7640625 0.490625 0.12109375 0.140625
1 0.7671875 0.4890625 0.1265625 0.0859375