1 0.0296875 0.5265625 0.05859375 0.0609375
1 0.08203125 0.534375 0.071875 0.0609375
1 0.13671875 0.528125 0.0484375 0.05078125
1 0.13984375 0.5265625 0.046875 0.0640625
1 0.1671875 0.51953125 0.04296875 0.0328125
1 0.1734375 0.521875 0.03515625 0.02734375
1 0.21171875 0.5203125 0.0328125 0.04296875
1 0.21484375 0.51875 0.0328125 0.0375
1 0.30078125 0.5109375 0.0328125 0.0453125
1 0.43359375 0.503125 0.0453125 0.04296875
5 0.428125 0.41796875 0.01953125 0.0328125
1 0.496875 0.5375 0.0921875 0.12890625
5 0.46015625 0.4203125 0.01171875 0.03125
5 0.54375 0.453125 0.0140625 0.03125