1 0.0875 0.575 0.175 0.3125
1 0.2578125 0.47578125 0.0328125 0.0390625
7 0.3015625 0.428125 0.0171875 0.025
1 0.315625 0.46875 0.04296875 0.071875
1 0.3171875 0.46875 0.0390625 0.05625
7 0.3921875 0.4109375 0.0140625 0.03125
5 0.45234375 0.35859375 0.015625 0.0328125
5 0.45703125 0.35546875 0.015625 0.0390625
1 0.55546875 0.46875 0.0453125 0.040625
1 0.559375 0.46875 0.0453125 0.040625
5 0.56171875 0.4171875 0.009375 0.0375
5 0.5734375 0.4078125 0.01171875 0.02734375
2 0.634375 0.43359375 0.09375 0.084375
1 0.6390625 0.4390625 0.08984375 0.08203125
1 0.709375 0.496875 0.1546875 0.1734375