1 0.72578125 0.4375 0.1078125 0.1171875
7 0.25 0.36875 0.02734375 0.0296875
7 0.2546875 0.3890625 0.0171875 0.0640625
1 0.321875 0.48125 0.03125 0.04296875
1 0.34375 0.48359375 0.03125 0.04296875
1 0.3484375 0.4890625 0.02734375 0.0390625
1 0.41796875 0.48046875 0.040625 0.0375
1 0.4171875 0.48359375 0.0375 0.0375
7 0.4359375 0.26640625 0.01953125 0.03125
7 0.43828125 0.2828125 0.01953125 0.0609375
1 0.4578125 0.475 0.040625 0.0390625
7 0.56328125 0.3515625 0.0234375 0.0234375
7 0.565625 0.3703125 0.0171875 0.0609375
7 0.690625 0.21953125 0.046875 0.1234375
7 0.684375 0.184375 0.0328125 0.0375