1 0.028125 0.53125 0.05625 0.303125
1 0.0578125 0.5 0.06640625 0.1
1 0.07890625 0.5375 0.071875 0.0625
1 0.1296875 0.53125 0.040625 0.05625
1 0.14140625 0.53203125 0.05859375 0.0484375
1 0.24375 0.53046875 0.2015625 0.2328125
8 0.2078125 0.3375 0.0234375 0.0625
4 0.21015625 0.33515625 0.01953125 0.05078125
4 0.271875 0.33203125 0.01953125 0.06640625
1 0.3609375 0.53046875 0.0609375 0.1078125
5 0.365625 0.33203125 0.01953125 0.05625
4 0.3734375 0.33203125 0.0171875 0.046875
1 0.3984375 0.51484375 0.0390625 0.04296875
1 0.471875 0.5328125 0.1078125 0.140625
5 0.43671875 0.34375 0.0328125 0.0765625
7 0.440625 0.33671875 0.0171875 0.05078125
5 0.58515625 0.434375 0.0171875 0.0625
5 0.58671875 0.4265625 0.0171875 0.053125
1 0.83671875 0.51875 0.05625 0.0859375
1 0.86328125 0.51484375 0.09765625 0.07421875
1 0.93046875 0.51484375 0.13671875 0.0953125