3 0.9859375 0.5078125 0.02734375 0.2328125
1 0.06171875 0.54609375 0.046875 0.05859375
8 0.121875 0.43359375 0.0140625 0.0375
1 0.171875 0.5375 0.021875 0.03125
1 0.2140625 0.546875 0.0796875 0.11328125
5 0.21484375 0.440625 0.01953125 0.0328125
5 0.2125 0.440625 0.0140625 0.0375
1 0.28203125 0.54375 0.03515625 0.0453125
5 0.28203125 0.484375 0.0140625 0.03125
5 0.2875 0.48515625 0.015625 0.040625
2 0.3375 0.49140625 0.08984375 0.16796875
1 0.3890625 0.565625 0.0953125 0.115625
1 0.61640625 0.57109375 0.2359375 0.24609375
1 0.878125 0.5171875 0.08203125 0.0859375