2 0.06640625 0.55 0.1328125 0.0875
1 0.0671875 0.553125 0.134375 0.0875
3 0.05078125 0.57109375 0.02734375 0.07421875
2 0.1390625 0.54609375 0.071875 0.0859375
1 0.13984375 0.553125 0.071875 0.0859375
7 0.134375 0.43046875 0.0234375 0.06875
2 0.2 0.54296875 0.0625 0.0390625
1 0.19921875 0.56171875 0.0609375 0.0546875
1 0.303125 0.5671875 0.07421875 0.08203125
1 0.33671875 0.5609375 0.03515625 0.06640625
1 0.49296875 0.55859375 0.0296875 0.06640625
1 0.51484375 0.56171875 0.0609375 0.0703125
4 0.5921875 0.3921875 0.0296875 0.08203125
7 0.81875 0.44375 0.025 0.040625