1 0.096875 0.515625 0.0609375 0.0484375
1 0.159375 0.503125 0.0625 0.078125
1 0.14765625 0.50859375 0.040625 0.084375
1 0.203125 0.5078125 0.0875 0.0953125
4 0.2203125 0.2296875 0.02734375 0.06875
4 0.21953125 0.225 0.021875 0.06875
1 0.2859375 0.49609375 0.0375 0.053125
1 0.325 0.4875 0.03515625 0.03515625
5 0.36796875 0.2359375 0.0453125 0.084375
1 0.48515625 0.5234375 0.0921875 0.13125
5 0.484375 0.23359375 0.03125 0.08984375
1 0.5921875 0.49375 0.0375 0.0484375
1 0.71015625 0.5 0.05625 0.0546875
1 0.71484375 0.49296875 0.0390625 0.040625
5 0.753125 0.378125 0.03125 0.0859375
5 0.75390625 0.38203125 0.0171875 0.05078125
1 0.821875 0.48515625 0.06640625 0.084375