6 0.7546875 0.21875 0.021875 0.078125
6 0.85625 0.28203125 0.01953125 0.06875
1 0.88671875 0.50390625 0.03515625 0.04296875
1 0.92578125 0.5015625 0.06875 0.078125
1 0.1625 0.50078125 0.115625 0.06640625
1 0.246875 0.54375 0.1390625 0.0921875
1 0.36328125 0.534375 0.10546875 0.1015625
1 0.43671875 0.5265625 0.046875 0.07421875
1 0.4953125 0.52421875 0.08203125 0.0765625
1 0.57421875 0.52421875 0.071875 0.08203125
1 0.5765625 0.5203125 0.0703125 0.078125
1 0.65 0.525 0.078125 0.0921875
1 0.69140625 0.51484375 0.03125 0.06640625
1 0.7203125 0.5125 0.0375 0.08203125
1 0.771875 0.51953125 0.0796875 0.078125
1 0.7796875 0.48828125 0.053125 0.0609375