3 0.01953125 0.540625 0.0234375 0.08203125
1 0.128125 0.5421875 0.0546875 0.0609375
1 0.1625 0.5375 0.0453125 0.0609375
1 0.24921875 0.52734375 0.0296875 0.03125
1 0.35625 0.578125 0.228125 0.3203125
1 0.46015625 0.5453125 0.046875 0.1234375
3 0.4828125 0.52265625 0.0234375 0.078125
3 0.4828125 0.52734375 0.01953125 0.06875
1 0.503125 0.525 0.04296875 0.0609375
1 0.50390625 0.52421875 0.0375 0.0546875
1 0.6109375 0.5046875 0.05625 0.0625
1 0.78515625 0.559375 0.24375 0.2796875
1 0.89140625 0.63359375 0.2125 0.546875