1 0.95234375 0.49375 0.09375 0.0546875
4 0.06328125 0.06875 0.084375 0.13125
1 0.18828125 0.5359375 0.15 0.1
1 0.21015625 0.515625 0.06875 0.08203125
1 0.3015625 0.5125 0.09375 0.10546875
1 0.4640625 0.5015625 0.1078125 0.05625
1 0.4734375 0.49375 0.04296875 0.053125
4 0.571875 0.028125 0.0296875 0.0546875
7 0.565625 0.36328125 0.015625 0.046875
1 0.5953125 0.49140625 0.0625 0.05625
7 0.653125 0.35859375 0.0171875 0.05078125
7 0.65234375 0.3578125 0.009375 0.0390625
7 0.728125 0.41875 0.0140625 0.0484375
7 0.80078125 0.075 0.0296875 0.09375
1 0.82109375 0.490625 0.053125 0.04296875
1 0.8625 0.4890625 0.071875 0.0546875
1 0.92109375 0.4859375 0.103125 0.05625