1 0.04296875 0.5625 0.0640625 0.06875
1 0.05546875 0.559375 0.05625 0.0609375
1 0.146875 0.5546875 0.02734375 0.04296875
1 0.18828125 0.5515625 0.02734375 0.03125
1 0.2203125 0.55546875 0.02734375 0.04296875
1 0.253125 0.55078125 0.0609375 0.0953125
1 0.3453125 0.61015625 0.165625 0.25625
8 0.3421875 0.31875 0.02734375 0.078125
5 0.4640625 0.32734375 0.02734375 0.084375
1 0.565625 0.5609375 0.109375 0.1796875
5 0.56171875 0.359375 0.03125 0.0765625
5 0.5609375 0.35859375 0.021875 0.05625
1 0.70625 0.60546875 0.271875 0.2734375
5 0.6828125 0.45 0.0171875 0.05078125
1 0.8375 0.56328125 0.046875 0.084375
1 0.8609375 0.53125 0.08203125 0.05078125
1 0.95234375 0.553125 0.0921875 0.115625