1 0.0375 0.4734375 0.05078125 0.05625
1 0.0375 0.47734375 0.05078125 0.05078125
1 0.0703125 0.4703125 0.0390625 0.0546875
1 0.075 0.46875 0.025 0.05859375
1 0.10234375 0.475 0.0375 0.040625
1 0.10859375 0.4734375 0.0390625 0.02734375
1 0.14140625 0.475 0.0484375 0.0484375
1 0.1484375 0.4734375 0.046875 0.0390625
1 0.175 0.4703125 0.01953125 0.0484375
1 0.21484375 0.471875 0.0546875 0.0625
1 0.21484375 0.4671875 0.0453125 0.0609375
1 0.2546875 0.46875 0.0375 0.04296875
1 0.26171875 0.471875 0.040625 0.046875
7 0.415625 0.3265625 0.01953125 0.0484375
8 0.4203125 0.33125 0.01953125 0.0453125
1 0.5015625 0.503125 0.07421875 0.0859375
7 0.50390625 0.31875 0.025 0.0328125
7 0.5046875 0.32734375 0.0140625 0.0390625
1 0.6375 0.484375 0.115625 0.1078125
7 0.5921875 0.34375 0.015625 0.0390625
7 0.5984375 0.3375 0.01953125 0.0390625
7 0.675 0.40625 0.021875 0.0453125
7 0.77421875 0.3484375 0.015625 0.06640625
7 0.77734375 0.34453125 0.015625 0.053125