1 0.075 0.5171875 0.0375 0.0390625
1 0.07890625 0.51484375 0.040625 0.046875
1 0.11640625 0.47578125 0.025 0.03515625
1 0.1328125 0.50703125 0.0375 0.040625
1 0.13359375 0.5125 0.0328125 0.03125
1 0.14921875 0.496875 0.02734375 0.0390625
2 0.2234375 0.5046875 0.103125 0.1796875
8 0.29296875 0.440625 0.0171875 0.040625
1 0.309375 0.4703125 0.0234375 0.025
1 0.3421875 0.51171875 0.0484375 0.0875
1 0.3578125 0.46796875 0.02734375 0.021875
1 0.35625 0.45703125 0.01953125 0.01953125
1 0.39921875 0.53125 0.09375 0.140625
1 0.43671875 0.46796875 0.0296875 0.03515625
1 0.43828125 0.46015625 0.0234375 0.02734375
5 0.45234375 0.34375 0.0171875 0.0484375
5 0.4515625 0.346875 0.0140625 0.046875
1 0.47265625 0.4828125 0.03125 0.0296875
1 0.50625 0.4890625 0.0453125 0.03515625
5 0.546875 0.41796875 0.0140625 0.03515625
1 0.64453125 0.49296875 0.09375 0.04296875