1 0.06171875 0.621875 0.1234375 0.30625
1 0.16328125 0.5375 0.071875 0.07421875
1 0.165625 0.5375 0.06640625 0.06875
1 0.253125 0.528125 0.05625 0.06640625
1 0.25390625 0.5296875 0.0484375 0.0625
3 0.4 0.534375 0.0171875 0.07421875
3 0.40546875 0.53203125 0.0171875 0.05859375
3 0.425 0.53046875 0.015625 0.0625
3 0.46484375 0.5328125 0.0234375 0.0609375
3 0.48515625 0.5359375 0.02734375 0.07421875
9 0.61015625 0.334375 0.02734375 0.05078125
3 0.7203125 0.525 0.040625 0.1390625
3 0.759375 0.52265625 0.0296875 0.1421875
3 0.76484375 0.52265625 0.0296875 0.1484375