1 0.025 0.634375 0.0484375 0.4375
1 0.0203125 0.6421875 0.040625 0.3828125
1 0.109375 0.50859375 0.0609375 0.0703125
1 0.1078125 0.50859375 0.046875 0.0484375
8 0.1 0.32734375 0.01953125 0.05078125
8 0.10234375 0.32109375 0.015625 0.0390625
1 0.18671875 0.5 0.0546875 0.07421875
5 0.19375 0.3296875 0.015625 0.04296875
5 0.1921875 0.3421875 0.015625 0.0375
1 0.22734375 0.5078125 0.0375 0.0546875
1 0.259375 0.5046875 0.0375 0.0640625
5 0.3234375 0.428125 0.0140625 0.03125
5 0.328125 0.43828125 0.015625 0.040625
1 0.696875 0.471875 0.1015625 0.078125
1 0.6984375 0.4765625 0.1 0.0640625
5 0.74296875 0.27421875 0.021875 0.0875
5 0.74609375 0.30625 0.01953125 0.0375
1 0.790625 0.46953125 0.09765625 0.05625
1 0.7984375 0.475 0.08203125 0.0765625