1 0.090625 0.571875 0.18125 0.31640625
7 0.090625 0.309375 0.025 0.08203125
1 0.48046875 0.49296875 0.0296875 0.05078125
1 0.48046875 0.49140625 0.021875 0.0453125
1 0.54296875 0.490625 0.040625 0.0796875
1 0.53828125 0.48828125 0.0171875 0.05625
1 0.57109375 0.503125 0.0453125 0.078125
1 0.5703125 0.4984375 0.0375 0.046875
1 0.6125 0.503125 0.06640625 0.07421875
7 0.615625 0.27734375 0.0234375 0.0859375
3 0.61875 0.51484375 0.02734375 0.1015625
3 0.9203125 0.484375 0.03515625 0.1546875
3 0.92578125 0.4921875 0.0390625 0.1546875