1 0.08125 0.51484375 0.0234375 0.078125
1 0.1296875 0.50390625 0.06640625 0.04296875
1 0.45 0.509375 0.021875 0.046875
1 0.4734375 0.50859375 0.03515625 0.0484375
1 0.5359375 0.4859375 0.0296875 0.0375
7 0.565625 0.365625 0.0171875 0.05078125
6 0.57109375 0.0265625 0.0296875 0.053125
7 0.6515625 0.3609375 0.0140625 0.05078125
7 0.728125 0.4125 0.01953125 0.0546875
4 0.80078125 0.08203125 0.0296875 0.1171875
1 0.84765625 0.4921875 0.05859375 0.0546875
1 0.9171875 0.490625 0.084375 0.0640625
1 0.978125 0.49140625 0.0375 0.0484375