3 0.45625 0.5171875 0.015625 0.05625
3 0.43828125 0.52421875 0.015625 0.0453125
3 0.41484375 0.52265625 0.01171875 0.0484375
3 0.1453125 0.53046875 0.0296875 0.0953125
3 0.18359375 0.5328125 0.02734375 0.1
3 0.1921875 0.53515625 0.0234375 0.103125
0 0.271875 0.521875 0.01953125 0.05625
3 0.29609375 0.5453125 0.0390625 0.1328125
1 0.31328125 0.54609375 0.025 0.11875
3 0.31328125 0.54296875 0.021875 0.13125
1 0.35078125 0.521875 0.0875 0.06640625
1 0.35078125 0.5234375 0.0859375 0.053125
1 0.55 0.5125 0.1421875 0.0921875
3 0.5609375 0.5515625 0.02734375 0.1265625
1 0.609375 0.50390625 0.1 0.07421875
3 0.59296875 0.53203125 0.0328125 0.14453125
1 0.65625 0.50390625 0.103125 0.078125
1 0.68671875 0.496875 0.053125 0.0765625
3 0.928125 0.59296875 0.053125 0.459375