1 0.21015625 0.4578125 0.0296875 0.0390625
1 0.21484375 0.459375 0.03515625 0.0390625
1 0.23828125 0.45625 0.0234375 0.03125
1 0.240625 0.4578125 0.021875 0.0296875
1 0.27734375 0.4640625 0.02734375 0.0390625
1 0.2796875 0.465625 0.02734375 0.03125
1 0.32109375 0.45703125 0.0328125 0.040625
1 0.325 0.46171875 0.0296875 0.0375
1 0.346875 0.4578125 0.0171875 0.0328125
1 0.5109375 0.48125 0.04296875 0.04296875
1 0.58203125 0.47578125 0.0484375 0.078125
7 0.665625 0.3984375 0.0140625 0.0234375
7 0.6703125 0.3875 0.01171875 0.0390625
1 0.6796875 0.46171875 0.0296875 0.02734375
0 0.7078125 0.48125 0.01953125 0.05078125