1 0.11015625 0.5484375 0.0546875 0.0640625
1 0.18828125 0.5546875 0.103125 0.08984375
1 0.26171875 0.53125 0.05859375 0.071875
1 0.29609375 0.5375 0.0375 0.0625
1 0.334375 0.5421875 0.05859375 0.0703125
7 0.3140625 0.4453125 0.0140625 0.0328125
7 0.35078125 0.4265625 0.0171875 0.04296875
1 0.40625 0.53984375 0.0703125 0.09375
5 0.3921875 0.41015625 0.01953125 0.0390625
5 0.3953125 0.4078125 0.0171875 0.046875
1 0.64921875 0.5046875 0.0546875 0.053125
1 0.6765625 0.521875 0.0390625 0.1
1 0.725 0.5109375 0.071875 0.078125
1 0.84765625 0.5015625 0.134375 0.140625
1 0.8515625 0.5046875 0.0765625 0.08984375