3 0.571875 0.52421875 0.015625 0.0640625
0 0.6609375 0.5296875 0.025 0.0875
0 0.00859375 0.55625 0.015625 0.0765625
3 0.484375 0.52265625 0.01953125 0.06875
1 0.12109375 0.540625 0.084375 0.08203125
1 0.3296875 0.65234375 0.3265625 0.4125
8 0.28046875 0.275 0.01953125 0.0625
7 0.38984375 0.2875 0.0171875 0.0703125
3 0.5421875 0.53125 0.021875 0.08203125
3 0.54375 0.528125 0.0171875 0.0796875
3 0.5578125 0.5265625 0.021875 0.084375
3 0.559375 0.53046875 0.01953125 0.0765625
7 0.5625 0.4078125 0.021875 0.0625
1 0.88984375 0.496875 0.2171875 0.125
3 0.8578125 0.571875 0.0875 0.265625