1 0.0609375 0.50703125 0.053125 0.046875
1 0.11640625 0.496875 0.053125 0.040625
1 0.1640625 0.503125 0.0484375 0.0375
1 0.228125 0.490625 0.0796875 0.0625
1 0.22578125 0.49375 0.0609375 0.0640625
1 0.5484375 0.49921875 0.053125 0.0625
1 0.55 0.4953125 0.04296875 0.05625
3 0.6234375 0.5 0.021875 0.0796875
3 0.6265625 0.50078125 0.01953125 0.071875
1 0.6578125 0.50703125 0.053125 0.053125
1 0.65703125 0.503125 0.0453125 0.0640625
1 0.71015625 0.5171875 0.0640625 0.0859375
1 0.7796875 0.509375 0.1 0.1328125
1 0.78515625 0.5171875 0.103125 0.1078125
1 0.89765625 0.5109375 0.14453125 0.1546875