1 0.90703125 0.7125 0.18359375 0.4765625
1 0.05546875 0.56640625 0.1078125 0.140625
2 0.0765625 0.4609375 0.109375 0.0953125
2 0.0890625 0.4625 0.1265625 0.1171875
2 0.1671875 0.50625 0.0640625 0.15234375
1 0.2359375 0.54609375 0.06640625 0.0640625
1 0.23515625 0.5421875 0.0609375 0.06640625
2 0.26875 0.5109375 0.0859375 0.1078125
1 0.28046875 0.50703125 0.0453125 0.0953125
1 0.32109375 0.5296875 0.040625 0.0546875
1 0.3796875 0.546875 0.09375 0.1234375
1 0.40625 0.50390625 0.0703125 0.125
1 0.4328125 0.51484375 0.0390625 0.12890625
1 0.47265625 0.53046875 0.0390625 0.0609375
1 0.53515625 0.5328125 0.078125 0.1078125
1 0.5328125 0.53125 0.071875 0.084375
1 0.821875 0.5 0.0859375 0.0796875
1 0.82421875 0.50703125 0.06875 0.0703125