1 0.284375 0.55078125 0.0859375 0.0921875
2 0.31875 0.49296875 0.08984375 0.1546875
1 0.38203125 0.5125 0.0296875 0.05078125
1 0.43046875 0.51953125 0.06640625 0.08984375
7 0.459375 0.3953125 0.009375 0.03125
2 0.53515625 0.48515625 0.1 0.165625
1 0.590625 0.54296875 0.1078125 0.1171875
1 0.70703125 0.490625 0.09765625 0.0765625
3 0.6671875 0.4984375 0.0140625 0.053125
1 0.7078125 0.4765625 0.0875 0.0796875
3 0.67890625 0.50078125 0.015625 0.05078125
3 0.69140625 0.5015625 0.0140625 0.046875
1 0.878125 0.5390625 0.2421875 0.5453125