4 0.0609375 0.07109375 0.1 0.1421875
1 0.06328125 0.53203125 0.06875 0.10546875
1 0.084375 0.5359375 0.025 0.07421875
1 0.103125 0.5171875 0.025 0.0453125
1 0.45 0.50703125 0.021875 0.046875
1 0.4734375 0.50625 0.03515625 0.0484375
1 0.54375 0.4859375 0.02734375 0.0375
7 0.5640625 0.3640625 0.0171875 0.0484375
4 0.5703125 0.025 0.028125 0.05
7 0.65234375 0.36015625 0.0140625 0.053125
7 0.728125 0.41328125 0.01953125 0.053125
7 0.80078125 0.0796875 0.0296875 0.11328125
1 0.81953125 0.48828125 0.0625 0.0390625
1 0.84453125 0.4875 0.05859375 0.0546875
1 0.8625 0.4890625 0.071875 0.0546875
1 0.92109375 0.4859375 0.103125 0.05625
1 0.91796875 0.48125 0.084375 0.0625
1 0.9796875 0.4796875 0.0375 0.0484375