3 0.075 0.575 0.025 0.103125
3 0.0984375 0.5703125 0.0296875 0.1078125
3 0.128125 0.57421875 0.0140625 0.0953125
3 0.17265625 0.5671875 0.0234375 0.09765625
3 0.2796875 0.54375 0.01953125 0.05078125
3 0.29375 0.5453125 0.0171875 0.05078125
5 0.2984375 0.46015625 0.015625 0.0390625
1 0.34453125 0.5515625 0.0234375 0.0390625
1 0.4125 0.5640625 0.1421875 0.209375
1 0.48125 0.540625 0.0703125 0.078125
1 0.5453125 0.5609375 0.046875 0.1078125
5 0.546875 0.44921875 0.01953125 0.040625
1 0.5953125 0.5765625 0.11328125 0.171875
1 0.5734375 0.57890625 0.0546875 0.15234375
1 0.6828125 0.621875 0.2046875 0.22265625
1 0.67109375 0.62109375 0.1640625 0.2328125
1 0.85234375 0.69921875 0.29296875 0.59765625
3 0.8140625 0.46875 0.0390625 0.0765625
3 0.8109375 0.459375 0.01953125 0.0484375