1 0.075 0.57734375 0.15 0.13125
1 0.165625 0.5625 0.1109375 0.12890625
1 0.184375 0.525 0.05625 0.0484375
1 0.2375 0.56328125 0.03515625 0.0953125
1 0.26640625 0.56328125 0.0375 0.0703125
1 0.2953125 0.56171875 0.01953125 0.053125
1 0.3109375 0.5609375 0.0296875 0.05078125
1 0.33671875 0.5515625 0.04296875 0.0609375
1 0.45625 0.5859375 0.1640625 0.2046875
1 0.71875 0.5515625 0.040625 0.05625
1 0.771875 0.55625 0.0765625 0.0796875
1 0.89453125 0.55 0.1015625 0.08984375
1 0.978125 0.5671875 0.040625 0.115625