1 0.0421875 0.60859375 0.084375 0.13125
1 0.115625 0.5890625 0.109375 0.1390625
1 0.125 0.53125 0.06640625 0.0453125
1 0.190625 0.571875 0.0375 0.0953125
1 0.228125 0.5703125 0.0375 0.0796875
1 0.259375 0.57109375 0.021875 0.053125
1 0.2609375 0.57109375 0.01953125 0.0609375
1 0.28046875 0.565625 0.0296875 0.0640625
1 0.315625 0.5609375 0.04296875 0.06640625
1 0.38984375 0.55859375 0.02734375 0.06640625
1 0.44453125 0.6 0.12890625 0.2015625
1 0.6765625 0.55390625 0.0625 0.0625
1 0.73125 0.5578125 0.0484375 0.0625
1 0.7921875 0.5640625 0.08984375 0.0859375
1 0.8765625 0.5453125 0.046875 0.04296875
1 0.9421875 0.57109375 0.109375 0.1234375