1 0.059375 0.5140625 0.1171875 0.134375
1 0.1765625 0.49609375 0.0875 0.06875
1 0.33125 0.51875 0.084375 0.084375
1 0.4046875 0.49609375 0.0375 0.05078125
1 0.4515625 0.49375 0.03515625 0.0453125
4 0.5703125 0.0296875 0.025 0.05625
4 0.565625 0.36015625 0.01171875 0.05078125
7 0.65234375 0.35546875 0.015625 0.0390625
7 0.72578125 0.4078125 0.0140625 0.04296875
7 0.8015625 0.07109375 0.0234375 0.08984375
3 0.86796875 0.4828125 0.021875 0.0546875
0 0.9640625 0.4921875 0.0328125 0.1015625
3 0.99140625 0.48125 0.01171875 0.084375