1 0.13203125 0.53984375 0.084375 0.06640625
1 0.1328125 0.5375 0.0765625 0.0609375
1 0.29609375 0.5203125 0.06875 0.0453125
8 0.3265625 0.3953125 0.01171875 0.03125
1 0.371875 0.5265625 0.0453125 0.0625
7 0.3859375 0.39765625 0.0140625 0.0390625
1 0.43828125 0.50859375 0.046875 0.0609375
7 0.43671875 0.41328125 0.0140625 0.0296875
1 0.48046875 0.52734375 0.0609375 0.078125
1 0.5234375 0.5046875 0.05625 0.0953125
4 0.503125 0.45390625 0.0140625 0.03515625
1 0.52734375 0.51171875 0.053125 0.08984375
1 0.6765625 0.5328125 0.12109375 0.1078125
7 0.63671875 0.425 0.01953125 0.05078125
7 0.6390625 0.428125 0.021875 0.05078125