1 0.15234375 0.56640625 0.103125 0.0609375
6 0.2515625 0.5015625 0.021875 0.0609375
1 0.3015625 0.55859375 0.0859375 0.0859375
1 0.303125 0.5609375 0.0765625 0.0875
1 0.3890625 0.56953125 0.12109375 0.17578125
6 0.4421875 0.48828125 0.01171875 0.04296875
1 0.4921875 0.53828125 0.0296875 0.04296875
1 0.49375 0.5375 0.03125 0.05078125
5 0.5984375 0.38671875 0.021875 0.05078125
5 0.59765625 0.378125 0.01171875 0.0390625
5 0.7046875 0.46171875 0.01171875 0.0328125
1 0.90703125 0.5484375 0.15234375 0.13125