3 0.94375 0.55 0.025 0.11328125
1 0.0203125 0.5609375 0.040625 0.12890625
1 0.02265625 0.578125 0.03515625 0.18359375
1 0.0875 0.5796875 0.12890625 0.1796875
2 0.084375 0.490625 0.1109375 0.08984375
1 0.284375 0.590625 0.3296875 0.421875
4 0.3171875 0.328125 0.0171875 0.053125
7 0.4140625 0.3265625 0.01953125 0.0484375
1 0.4671875 0.52734375 0.0796875 0.115625
1 0.45703125 0.521875 0.0484375 0.0859375
7 0.49140625 0.3265625 0.01953125 0.0546875
1 0.53203125 0.525 0.03515625 0.0453125
1 0.6890625 0.5625 0.15 0.171875
7 0.67890625 0.4171875 0.0171875 0.046875
2 0.82109375 0.48046875 0.12890625 0.12109375
1 0.8765625 0.48125 0.2328125 0.1640625
1 0.8890625 0.52421875 0.146875 0.08203125
7 0.92890625 0.25703125 0.05078125 0.1546875