1 0.8671875 0.55859375 0.2640625 0.42578125
1 0.12421875 0.51484375 0.11875 0.09765625
1 0.2015625 0.4828125 0.05078125 0.05078125
1 0.221875 0.49921875 0.04296875 0.0484375
1 0.225 0.5015625 0.03515625 0.05078125
1 0.30078125 0.496875 0.0453125 0.040625
1 0.30390625 0.49609375 0.040625 0.0453125
1 0.3640625 0.496875 0.0953125 0.13125
1 0.4390625 0.490625 0.03515625 0.053125
1 0.4953125 0.484375 0.021875 0.03125
1 0.5515625 0.49140625 0.04296875 0.0609375
1 0.70390625 0.50859375 0.15234375 0.19921875
1 0.69609375 0.503125 0.1328125 0.203125