3 0.0265625 0.5515625 0.021875 0.09765625
3 0.03125 0.55 0.01953125 0.09375
3 0.05859375 0.54765625 0.0171875 0.1015625
3 0.071875 0.56875 0.0171875 0.0546875
3 0.0859375 0.53125 0.021875 0.0796875
3 0.09296875 0.54296875 0.01953125 0.1109375
1 0.1265625 0.55546875 0.078125 0.08203125
1 0.22734375 0.5453125 0.084375 0.09375
1 0.28203125 0.5296875 0.03125 0.06640625
1 0.309375 0.51953125 0.03125 0.06640625
1 0.3578125 0.5171875 0.05859375 0.08203125
1 0.4359375 0.521875 0.0484375 0.0546875
3 0.51171875 0.4984375 0.0140625 0.0796875
4 0.58203125 0.31328125 0.02734375 0.09765625
3 0.98515625 0.478125 0.025 0.15625