2 0.16484375 0.50859375 0.1109375 0.11328125
1 0.1921875 0.5375 0.05078125 0.05859375
1 0.2015625 0.5375 0.0546875 0.0640625
1 0.2625 0.54375 0.1 0.1109375
1 0.3265625 0.52734375 0.0296875 0.03515625
1 0.325 0.5296875 0.025 0.0296875
1 0.39375 0.54609375 0.084375 0.1109375
8 0.365625 0.3171875 0.0140625 0.0453125
2 0.503125 0.4765625 0.1109375 0.09375
7 0.4578125 0.3359375 0.015625 0.0484375
7 0.4578125 0.33671875 0.0140625 0.046875
1 0.5875 0.528125 0.13125 0.1796875
1 0.571875 0.5265625 0.08203125 0.17578125
7 0.58203125 0.4140625 0.01171875 0.025
7 0.584375 0.4125 0.009375 0.0234375
1 0.7171875 0.57734375 0.225 0.25625
7 0.7765625 0.3078125 0.0234375 0.078125
7 0.778125 0.31171875 0.021875 0.08984375
3 0.89140625 0.5046875 0.0390625 0.1265625
3 0.89140625 0.50625 0.0390625 0.115625