1 0.83515625 0.71171875 0.328125 0.5765625
1 0.071875 0.565625 0.1421875 0.265625
1 0.075 0.56875 0.15 0.26953125
1 0.16015625 0.5328125 0.05859375 0.0640625
1 0.2921875 0.54296875 0.05859375 0.0625
1 0.2953125 0.53984375 0.0453125 0.0609375
1 0.32421875 0.5390625 0.025 0.0484375
1 0.4625 0.525 0.0453125 0.05859375
1 0.4671875 0.525 0.0484375 0.0703125
1 0.571875 0.5546875 0.1265625 0.2109375
1 0.5578125 0.54765625 0.0875 0.1734375
1 0.65234375 0.60625 0.228125 0.26953125
1 0.66015625 0.6078125 0.24375 0.26953125