1 0.075 0.53828125 0.0765625 0.078125
1 0.16015625 0.534375 0.05078125 0.0484375
1 0.2515625 0.528125 0.04296875 0.046875
1 0.303125 0.52734375 0.05859375 0.078125
1 0.33671875 0.51953125 0.0234375 0.0390625
1 0.3578125 0.521875 0.021875 0.05078125
1 0.38984375 0.51875 0.0375 0.04296875
1 0.39453125 0.51875 0.025 0.02734375
1 0.4328125 0.515625 0.03515625 0.0484375
1 0.496875 0.52734375 0.0484375 0.053125
1 0.5484375 0.53046875 0.046875 0.0609375
1 0.55 0.53125 0.0328125 0.0484375
1 0.58984375 0.5390625 0.0609375 0.08203125
1 0.64765625 0.5421875 0.1 0.103125
1 0.9109375 0.49140625 0.13125 0.0921875