1 0.90625 0.60546875 0.1875 0.34765625
5 0.18671875 0.4390625 0.0140625 0.0484375
5 0.18828125 0.428125 0.01171875 0.0390625
1 0.228125 0.55 0.04296875 0.05625
1 0.25859375 0.54296875 0.021875 0.0390625
1 0.32109375 0.53984375 0.0546875 0.0796875
1 0.39765625 0.5703125 0.1078125 0.1546875
1 0.51640625 0.51953125 0.1 0.0625
5 0.4859375 0.41328125 0.0140625 0.0390625
1 0.7828125 0.5234375 0.1546875 0.0859375
3 0.74921875 0.53125 0.05625 0.0859375
3 0.790625 0.49375 0.04296875 0.11875
3 0.790625 0.496875 0.040625 0.109375