1 0.134375 0.48359375 0.2671875 0.6265625
2 0.13125 0.484375 0.259375 0.61875
1 0.50078125 0.61640625 0.3203125 0.42578125
8 0.3515625 0.30078125 0.01953125 0.071875
8 0.353125 0.284375 0.015625 0.0390625
7 0.4734375 0.240625 0.01953125 0.06640625
7 0.6453125 0.365625 0.01953125 0.04296875
0 0.64921875 0.4859375 0.025 0.0953125
1 0.7390625 0.4828125 0.09375 0.078125
1 0.73515625 0.48828125 0.084375 0.053125
1 0.8640625 0.58984375 0.2671875 0.3453125
7 0.98515625 0.22734375 0.025 0.08203125
7 0.98828125 0.20390625 0.021875 0.040625