8 0.03828125 0.45703125 0.0171875 0.0484375
1 0.08984375 0.5296875 0.06875 0.071875
1 0.209375 0.51640625 0.0453125 0.053125
8 0.203125 0.36015625 0.01953125 0.0546875
1 0.26640625 0.51484375 0.04296875 0.05078125
5 0.27734375 0.36015625 0.0171875 0.05078125
1 0.3109375 0.5109375 0.0390625 0.0640625
1 0.42109375 0.52734375 0.134375 0.1859375
5 0.3796875 0.4421875 0.0171875 0.0484375
1 0.58984375 0.55390625 0.1234375 0.09765625
1 0.6046875 0.48515625 0.084375 0.046875
4 0.615625 0.3625 0.025 0.0859375
1 0.734375 0.57421875 0.225 0.16796875