1 0.01171875 0.5875 0.0234375 0.1328125
2 0.0765625 0.5015625 0.1078125 0.0859375
1 0.09375 0.5765625 0.1390625 0.178125
1 0.28515625 0.59296875 0.321875 0.42578125
4 0.31875 0.33203125 0.0171875 0.05078125
7 0.41484375 0.3234375 0.0140625 0.0390625
7 0.49296875 0.32734375 0.0140625 0.046875
1 0.746875 0.578125 0.21484375 0.2109375
7 0.68125 0.41796875 0.0234375 0.0625
7 0.68046875 0.41484375 0.0140625 0.04296875
1 0.91015625 0.525 0.12109375 0.071875
7 0.93125 0.246875 0.0390625 0.1234375
3 0.97265625 0.5390625 0.03515625 0.11875