1 0.021875 0.5375 0.04296875 0.08984375
1 0.0578125 0.53046875 0.0484375 0.046875
3 0.0953125 0.525 0.0234375 0.0453125
1 0.20234375 0.5671875 0.225 0.2421875
1 0.30859375 0.509375 0.03125 0.0390625
1 0.35234375 0.50390625 0.01953125 0.03515625
1 0.3703125 0.5015625 0.03125 0.04296875
4 0.37109375 0.3984375 0.0140625 0.0375
5 0.42265625 0.39375 0.0171875 0.0375
5 0.4234375 0.3984375 0.01171875 0.0296875
1 0.4703125 0.4984375 0.0296875 0.0390625
5 0.465625 0.3984375 0.0140625 0.0296875
5 0.46796875 0.3875 0.0140625 0.0453125
1 0.4890625 0.509375 0.021875 0.0703125
1 0.5171875 0.509375 0.071875 0.09375
5 0.58515625 0.43046875 0.01953125 0.040625
5 0.58203125 0.43671875 0.0140625 0.0296875
1 0.6078125 0.5015625 0.0609375 0.053125
1 0.6125 0.496875 0.0640625 0.0546875
1 0.64453125 0.49296875 0.0328125 0.05625
1 0.88359375 0.50625 0.23046875 0.1484375