3 0.1453125 0.5546875 0.0390625 0.1328125
1 0.16484375 0.54765625 0.0328125 0.12109375
3 0.16796875 0.54765625 0.0171875 0.1328125
3 0.175 0.51953125 0.025 0.084375
3 0.221875 0.53125 0.0296875 0.11875
3 0.2546875 0.52421875 0.0171875 0.0640625
0 0.26875 0.52265625 0.02734375 0.071875
0 0.26484375 0.5203125 0.015625 0.0625
3 0.2703125 0.521875 0.01953125 0.0609375
0 0.2859375 0.51953125 0.01953125 0.05625
1 0.3484375 0.51484375 0.04296875 0.0390625
1 0.39921875 0.5203125 0.1109375 0.06875
1 0.39921875 0.5203125 0.1109375 0.0546875
3 0.47734375 0.54765625 0.0296875 0.1171875
1 0.5578125 0.5109375 0.1421875 0.0921875
3 0.5125 0.5296875 0.03515625 0.1421875
1 0.60625 0.50390625 0.1 0.07421875
3 0.7171875 0.61640625 0.1625 0.4828125
3 0.71796875 0.56640625 0.0546875 0.34375
3 0.7234375 0.56953125 0.04296875 0.3515625
3 0.79375 0.5875 0.1171875 0.4984375
3 0.89140625 0.59296875 0.0859375 0.4375