1 0.03203125 0.43671875 0.0640625 0.0875
1 0.07890625 0.440625 0.0453125 0.084375
1 0.10546875 0.43359375 0.0484375 0.08984375
1 0.15 0.45703125 0.0875 0.08984375
1 0.1828125 0.4625 0.0609375 0.0625
1 0.2703125 0.44375 0.0609375 0.0640625
1 0.2796875 0.4515625 0.05625 0.05859375
7 0.425 0.41796875 0.0140625 0.0234375
1 0.49921875 0.49375 0.09375 0.15625
9 0.49921875 0.39453125 0.01171875 0.03125
1 0.6296875 0.4828125 0.05078125 0.053125
1 0.69453125 0.503125 0.07421875 0.0796875
1 0.73125 0.49140625 0.0328125 0.0484375
1 0.79765625 0.496875 0.06640625 0.071875
1 0.80078125 0.4984375 0.0640625 0.0703125
1 0.86015625 0.496875 0.053125 0.0640625
1 0.91484375 0.50703125 0.05859375 0.05625