1 0.1765625 0.5171875 0.2671875 0.14453125
3 0.08515625 0.44921875 0.0453125 0.071875
7 0.11796875 0.31171875 0.03125 0.07421875
7 0.12109375 0.3140625 0.025 0.0765625
1 0.4828125 0.471875 0.021875 0.0328125
1 0.53828125 0.48359375 0.0171875 0.05625
1 0.5734375 0.48828125 0.0484375 0.0609375
1 0.56875 0.490625 0.0375 0.046875
1 0.6109375 0.4921875 0.0625 0.071875
7 0.6109375 0.28203125 0.0234375 0.0859375
1 0.88671875 0.490625 0.2203125 0.1875
1 0.8875 0.49921875 0.20703125 0.17578125
3 0.7984375 0.46171875 0.025 0.1
3 0.7984375 0.4640625 0.01953125 0.1