1 0.134375 0.546875 0.140625 0.103125
1 0.13671875 0.553125 0.1390625 0.1015625
1 0.25859375 0.52421875 0.04296875 0.0625
1 0.25703125 0.5296875 0.0375 0.053125
1 0.346875 0.5453125 0.10546875 0.1234375
1 0.346875 0.5609375 0.1 0.1421875
8 0.3265625 0.34375 0.01953125 0.05078125
8 0.3265625 0.34453125 0.015625 0.05078125
7 0.41484375 0.35 0.015625 0.0453125
7 0.4171875 0.35234375 0.0171875 0.053125
1 0.5109375 0.5328125 0.071875 0.14453125
1 0.50078125 0.53203125 0.05078125 0.125
7 0.49140625 0.371875 0.015625 0.05078125
7 0.4953125 0.371875 0.0140625 0.046875
1 0.5953125 0.5671875 0.165625 0.19140625
7 0.5875 0.440625 0.021875 0.05625
4 0.58984375 0.428125 0.015625 0.04296875
1 0.734375 0.54296875 0.1546875 0.19921875
1 0.7484375 0.5046875 0.1703125 0.19140625
1 0.890625 0.57890625 0.21484375 0.22265625