9 0.90546875 0.3203125 0.021875 0.08203125
9 0.521875 0.1203125 0.025 0.0921875
9 0.36796875 0.1109375 0.025 0.08984375
10 0.178125 0.11640625 0.02734375 0.0921875
1 0.0765625 0.5140625 0.08984375 0.0796875
1 0.2453125 0.50390625 0.0953125 0.0875
1 0.3078125 0.49375 0.0640625 0.078125
1 0.3171875 0.4890625 0.05078125 0.0953125
1 0.390625 0.490625 0.02734375 0.05078125
1 0.4171875 0.50078125 0.0390625 0.0453125
1 0.459375 0.49140625 0.0546875 0.06640625
1 0.565625 0.496875 0.0375 0.046875
1 0.884375 0.4765625 0.0625 0.046875