1 0.0328125 0.60234375 0.065625 0.1328125
1 0.0984375 0.5765625 0.0875 0.11875
1 0.1609375 0.55078125 0.0453125 0.08203125
1 0.1625 0.565625 0.046875 0.0875
1 0.3140625 0.5828125 0.21484375 0.30625
1 0.43046875 0.56953125 0.03515625 0.1328125
1 0.4515625 0.5203125 0.04296875 0.0484375
1 0.44921875 0.521875 0.03125 0.0609375
1 0.51953125 0.5515625 0.03125 0.140625
1 0.6 0.55390625 0.15234375 0.18359375
3 0.86640625 0.54296875 0.0625 0.234375
3 0.865625 0.54375 0.053125 0.209375
3 0.94375 0.5234375 0.040625 0.24375
3 0.9484375 0.521875 0.03515625 0.23046875