1 0.9265625 0.61875 0.14453125 0.25
1 0.1125 0.5609375 0.1171875 0.115625
1 0.115625 0.56171875 0.115625 0.1078125
1 0.1890625 0.5578125 0.053125 0.0921875
1 0.19609375 0.55390625 0.0453125 0.071875
1 0.3015625 0.51953125 0.05078125 0.0625
1 0.3015625 0.5234375 0.0484375 0.0625
1 0.3484375 0.51875 0.0296875 0.046875
1 0.43125 0.52265625 0.05078125 0.071875
1 0.4328125 0.52265625 0.0453125 0.05859375
1 0.5109375 0.5234375 0.0453125 0.05078125
1 0.5515625 0.51953125 0.046875 0.11875
1 0.62890625 0.53125 0.11875 0.1578125