1 0.0921875 0.56328125 0.11875 0.078125
1 0.096875 0.559375 0.1171875 0.07421875
1 0.17265625 0.55390625 0.078125 0.0703125
1 0.17578125 0.55390625 0.06640625 0.0640625
1 0.275 0.540625 0.0609375 0.078125
5 0.30546875 0.4703125 0.01171875 0.03125
1 0.3203125 0.5375 0.040625 0.05078125
1 0.32109375 0.5390625 0.0375 0.0625
1 0.34453125 0.5265625 0.0328125 0.04296875
1 0.4 0.55859375 0.10546875 0.146875
5 0.4703125 0.459375 0.01171875 0.03125
1 0.56328125 0.521875 0.04296875 0.1234375
1 0.61640625 0.5203125 0.146875 0.115625
1 0.63671875 0.54375 0.16015625 0.109375
1 0.5953125 0.54609375 0.07421875 0.10546875
1 0.7171875 0.565625 0.21875 0.140625