1 0.03515625 0.5203125 0.06640625 0.0296875
2 0.1359375 0.4921875 0.1640625 0.078125
1 0.14140625 0.53125 0.078125 0.0375
1 0.28046875 0.52421875 0.03125 0.03515625
1 0.2859375 0.521875 0.040625 0.0375
1 0.3234375 0.51171875 0.021875 0.02734375
1 0.3453125 0.534375 0.04296875 0.0640625
1 0.34453125 0.5328125 0.03515625 0.0609375
1 0.4375 0.58671875 0.19140625 0.25
8 0.42578125 0.39453125 0.0171875 0.0390625
4 0.42578125 0.3890625 0.009375 0.02734375
1 0.5109375 0.5125 0.0328125 0.0921875
1 0.5296875 0.53515625 0.0140625 0.046875
3 0.7671875 0.53203125 0.040625 0.1875