1 0.11328125 0.4953125 0.0296875 0.0328125
1 0.16328125 0.48828125 0.03515625 0.0390625
2 0.24921875 0.4921875 0.0953125 0.18125
8 0.296875 0.42890625 0.01171875 0.0375
1 0.3265625 0.4796875 0.01953125 0.0484375
1 0.3546875 0.50703125 0.0484375 0.0859375
1 0.37109375 0.465625 0.02734375 0.021875
1 0.41484375 0.51875 0.08984375 0.1421875
1 0.3921875 0.4453125 0.01953125 0.0234375
1 0.41484375 0.4453125 0.0234375 0.02734375
5 0.42890625 0.35546875 0.0140625 0.046875
5 0.43046875 0.35625 0.015625 0.04296875
1 0.47734375 0.475 0.03125 0.03515625
5 0.5109375 0.41328125 0.015625 0.0375
1 0.596875 0.48046875 0.071875 0.0484375