3 0.00625 0.51953125 0.01171875 0.1265625
3 0.025 0.54296875 0.01953125 0.0640625
3 0.20703125 0.51484375 0.025 0.0859375
3 0.20703125 0.5125 0.0234375 0.07421875
3 0.225 0.5171875 0.01953125 0.0921875
2 0.29609375 0.49140625 0.115625 0.146875
2 0.4125 0.48046875 0.0765625 0.140625
1 0.49140625 0.5078125 0.05625 0.071875
0 0.54296875 0.51484375 0.0296875 0.0859375
3 0.7140625 0.48046875 0.0234375 0.06875
3 0.71484375 0.48046875 0.0234375 0.05625
3 0.73359375 0.48125 0.021875 0.07421875
3 0.7453125 0.475 0.021875 0.0609375
3 0.75703125 0.46796875 0.01953125 0.05859375
3 0.775 0.4765625 0.025 0.07421875
1 0.9640625 0.50859375 0.06640625 0.05078125