1 0.878125 0.571875 0.24375 0.36875
1 0.2125 0.484375 0.06875 0.07421875
8 0.2109375 0.23515625 0.021875 0.0765625
1 0.3046875 0.50625 0.1234375 0.14453125
9 0.34765625 0.24140625 0.021875 0.0625
1 0.39140625 0.4625 0.02734375 0.0546875
1 0.44140625 0.48125 0.05859375 0.05625
9 0.43359375 0.25390625 0.0296875 0.05859375
1 0.48046875 0.47265625 0.0328125 0.040625
2 0.5265625 0.4546875 0.04296875 0.0765625
2 0.525 0.45625 0.0390625 0.0625
9 0.62421875 0.36640625 0.01953125 0.0546875
9 0.625 0.365625 0.0171875 0.053125
1 0.68125 0.49140625 0.1265625 0.078125
9 0.81171875 0.24140625 0.03515625 0.1171875
9 0.81328125 0.2484375 0.0296875 0.11875