1 0.146875 0.5859375 0.165625 0.1625
1 0.22734375 0.56640625 0.06875 0.109375
1 0.225 0.56171875 0.05625 0.109375
1 0.2625 0.5578125 0.06875 0.0921875
1 0.26484375 0.55390625 0.0390625 0.08984375
1 0.31328125 0.5296875 0.0640625 0.0875
1 0.315625 0.5359375 0.0546875 0.0859375
1 0.3578125 0.534375 0.0296875 0.0390625
1 0.46015625 0.5296875 0.03125 0.0390625
1 0.5015625 0.54609375 0.02734375 0.078125
1 0.5328125 0.553125 0.0859375 0.09765625
1 0.665625 0.5875 0.1734375 0.2484375
1 0.66015625 0.6 0.1546875 0.25
1 0.8203125 0.6796875 0.353125 0.4234375
1 0.82109375 0.675 0.3515625 0.43359375