1 0.115625 0.5453125 0.23046875 0.44921875
7 0.19375 0.4078125 0.01953125 0.0375
7 0.2359375 0.4125 0.01953125 0.0328125
7 0.28203125 0.453125 0.01171875 0.0296875
1 0.3109375 0.49140625 0.0484375 0.0546875
1 0.37109375 0.49375 0.0484375 0.05078125
1 0.3953125 0.490625 0.0328125 0.05078125
1 0.4234375 0.48125 0.02734375 0.04296875
1 0.446875 0.4859375 0.0296875 0.05625
1 0.4859375 0.48125 0.0609375 0.0765625
1 0.52421875 0.49140625 0.02734375 0.05859375
1 0.5515625 0.496875 0.0328125 0.0625
1 0.590625 0.496875 0.0484375 0.0609375
1 0.58671875 0.49375 0.03125 0.05078125
1 0.6140625 0.5 0.03515625 0.05625
1 0.665625 0.50078125 0.084375 0.0875