1 0.103125 0.58359375 0.20625 0.4078125
4 0.2515625 0.25859375 0.03125 0.0796875
1 0.2953125 0.546875 0.0171875 0.0234375
1 0.31328125 0.54375 0.01953125 0.021875
1 0.3546875 0.5359375 0.03515625 0.0546875
1 0.3921875 0.540625 0.0375 0.078125
1 0.39140625 0.53828125 0.0328125 0.0625
4 0.3921875 0.2546875 0.02734375 0.084375
1 0.44140625 0.54375 0.0921875 0.125
4 0.50390625 0.259375 0.03125 0.0765625
1 0.528125 0.52421875 0.053125 0.0953125
1 0.5296875 0.515625 0.0375 0.0546875
1 0.63671875 0.5515625 0.0875 0.103125
1 0.82421875 0.63203125 0.34765625 0.3296875
5 0.771875 0.3921875 0.0296875 0.078125
4 0.771875 0.39453125 0.021875 0.05625