3 0.62421875 0.5 0.01171875 0.040625
3 0.5765625 0.50390625 0.01171875 0.04296875
3 0.509375 0.5109375 0.01171875 0.0453125
1 0.065625 0.534375 0.12890625 0.17578125
7 0.1109375 0.46953125 0.01953125 0.04296875
7 0.1109375 0.46875 0.01171875 0.0296875
1 0.1609375 0.5390625 0.0640625 0.0921875
1 0.228125 0.53125 0.0640625 0.078125
8 0.33515625 0.3609375 0.0140625 0.0390625
8 0.33984375 0.36640625 0.0140625 0.03515625
1 0.41484375 0.5234375 0.0546875 0.0703125
7 0.403125 0.36328125 0.01171875 0.0328125
1 0.46796875 0.51484375 0.053125 0.0484375
7 0.5078125 0.440625 0.0140625 0.0390625
7 0.5640625 0.3640625 0.0234375 0.0640625
7 0.56171875 0.371875 0.0140625 0.0625
1 0.64453125 0.5046875 0.05859375 0.0390625