3 0.38125 0.5109375 0.0140625 0.0625
0 0.18125 0.51875 0.025 0.06875
1 0.0671875 0.52734375 0.09375 0.0546875
1 0.0671875 0.53203125 0.0921875 0.05078125
1 0.25078125 0.5203125 0.07421875 0.0453125
1 0.2515625 0.52265625 0.071875 0.040625
1 0.31640625 0.51484375 0.021875 0.0375
1 0.35 0.51640625 0.0484375 0.053125
8 0.3875 0.36015625 0.01171875 0.0328125
1 0.415625 0.51875 0.053125 0.07421875
7 0.45625 0.37578125 0.0140625 0.03515625
7 0.4546875 0.37421875 0.009375 0.0296875
1 0.5390625 0.51640625 0.06640625 0.0765625
2 0.596875 0.471875 0.1734375 0.07421875
7 0.54296875 0.42578125 0.009375 0.015625
7 0.54375 0.43125 0.009375 0.01953125
7 0.621875 0.3859375 0.01171875 0.03515625
7 0.6234375 0.3875 0.01171875 0.0390625
3 0.69140625 0.49296875 0.0171875 0.0703125
3 0.6921875 0.49609375 0.0171875 0.071875