1 0.034375 0.559375 0.06875 0.0703125
1 0.1359375 0.55390625 0.0484375 0.0625
1 0.2109375 0.55390625 0.1171875 0.1421875
8 0.3546875 0.13203125 0.02734375 0.0765625
1 0.40703125 0.55625 0.0765625 0.1078125
1 0.509375 0.54375 0.0625 0.1546875
1 0.5828125 0.54375 0.12109375 0.1625
5 0.5578125 0.165625 0.0375 0.07421875
1 0.7921875 0.61875 0.328125 0.3140625
5 0.725 0.24609375 0.03125 0.07421875
5 0.725 0.2328125 0.025 0.06875
1 0.9390625 0.546875 0.1171875 0.1640625
5 0.928125 0.38203125 0.0234375 0.05078125