1 0.1703125 0.5234375 0.0765625 0.078125
1 0.17265625 0.51484375 0.07421875 0.05625
1 0.33125 0.49921875 0.05859375 0.071875
1 0.3328125 0.4953125 0.040625 0.05625
1 0.36015625 0.503125 0.0171875 0.05078125
1 0.38125 0.4953125 0.03125 0.0375
1 0.4359375 0.49921875 0.02734375 0.03125
1 0.45625 0.490625 0.03515625 0.046875
7 0.4484375 0.4125 0.0140625 0.02734375
5 0.48515625 0.421875 0.0140625 0.02734375
5 0.54296875 0.4578125 0.015625 0.0234375
1 0.559375 0.5015625 0.03125 0.05078125
5 0.5671875 0.4546875 0.0140625 0.02734375
1 0.58203125 0.5109375 0.02734375 0.1015625
1 0.6296875 0.503125 0.08203125 0.09375