3 0.63984375 0.5078125 0.01953125 0.04296875
3 0.084375 0.61328125 0.1390625 0.39453125
8 0.05625 0.4359375 0.0171875 0.0484375
0 0.140625 0.534375 0.0546875 0.08203125
1 0.171875 0.525 0.0875 0.07421875
3 0.14375 0.525 0.01171875 0.06640625
1 0.2453125 0.515625 0.0625 0.05859375
1 0.24375 0.534375 0.05859375 0.0453125
3 0.28515625 0.5140625 0.025 0.07421875
2 0.3296875 0.48046875 0.09765625 0.14453125
8 0.44921875 0.3203125 0.021875 0.0546875
7 0.5203125 0.32421875 0.021875 0.06875
1 0.55390625 0.525 0.08203125 0.078125
7 0.65703125 0.40703125 0.01953125 0.0625