3 0.93359375 0.4765625 0.040625 0.203125
3 0.9578125 0.47265625 0.03515625 0.21875
3 0.90546875 0.45703125 0.025 0.21484375
3 0.40546875 0.490625 0.009375 0.05078125
1 0.10234375 0.521875 0.1109375 0.05625
0 0.2453125 0.5046875 0.0234375 0.046875
0 0.246875 0.51171875 0.02734375 0.053125
8 0.390625 0.43125 0.0171875 0.04296875
8 0.39140625 0.4359375 0.0140625 0.040625
1 0.46015625 0.48515625 0.05625 0.0546875
1 0.50625 0.5 0.0453125 0.0390625
1 0.50625 0.4953125 0.040625 0.0328125
1 0.5578125 0.46015625 0.0703125 0.1
2 0.559375 0.45703125 0.0703125 0.09765625
3 0.646875 0.5046875 0.03515625 0.109375
8 0.63671875 0.36015625 0.0140625 0.040625
7 0.684375 0.36328125 0.01953125 0.05078125
3 0.68828125 0.5109375 0.0234375 0.09765625
3 0.7140625 0.50078125 0.0390625 0.10546875
7 0.75703125 0.3484375 0.0296875 0.084375
7 0.75390625 0.3484375 0.0234375 0.0765625
1 0.828125 0.49296875 0.0859375 0.04296875
3 0.85625 0.5 0.02734375 0.0953125