1 0.03828125 0.66875 0.0765625 0.30078125
1 0.07421875 0.5765625 0.1109375 0.19921875
1 0.0984375 0.50078125 0.0640625 0.0640625
1 0.1046875 0.50390625 0.06875 0.06875
1 0.16328125 0.50390625 0.0640625 0.07421875
3 0.17265625 0.5046875 0.0296875 0.1265625
3 0.1765625 0.50703125 0.02734375 0.1078125
1 0.30546875 0.51171875 0.08984375 0.084375
1 0.3625 0.5140625 0.05078125 0.0796875
1 0.36640625 0.5109375 0.0546875 0.05859375
1 0.39921875 0.503125 0.02734375 0.0484375
1 0.4640625 0.4828125 0.025 0.0390625
1 0.584375 0.49375 0.0328125 0.0640625
1 0.61015625 0.50625 0.025 0.0640625
1 0.6578125 0.51484375 0.08203125 0.09375
1 0.6546875 0.51640625 0.0609375 0.0953125
1 0.74296875 0.53046875 0.15234375 0.11328125
1 0.75 0.5296875 0.1484375 0.14453125