1 0.02421875 0.60859375 0.046875 0.4375
1 0.01875 0.609375 0.0375 0.31640625
8 0.0953125 0.275 0.025 0.0625
8 0.0953125 0.26875 0.01953125 0.05078125
1 0.14453125 0.5328125 0.0546875 0.07421875
1 0.21953125 0.5296875 0.05078125 0.0546875
1 0.21875 0.53125 0.0375 0.0546875
5 0.225 0.2875 0.025 0.05625
5 0.228125 0.29765625 0.01953125 0.0453125
1 0.2546875 0.534375 0.025 0.071875
1 0.2859375 0.53046875 0.03515625 0.078125
1 0.2859375 0.525 0.03125 0.0640625
1 0.32734375 0.53125 0.06640625 0.07421875
5 0.41328125 0.41875 0.01953125 0.04296875
5 0.41328125 0.428125 0.01953125 0.0390625