1 0.028125 0.58671875 0.05625 0.1
1 0.02734375 0.5921875 0.0546875 0.0953125
3 0.0140625 0.525 0.0171875 0.078125
3 0.0140625 0.525 0.0140625 0.0625
1 0.2390625 0.68046875 0.37109375 0.43125
7 0.159375 0.39921875 0.0140625 0.0453125
1 0.43671875 0.53125 0.03515625 0.05625
7 0.51484375 0.36796875 0.0171875 0.05625
3 0.64765625 0.53125 0.021875 0.1015625
3 0.646875 0.5296875 0.0171875 0.0921875
3 0.7265625 0.53515625 0.0328125 0.2171875
3 0.7640625 0.52265625 0.06875 0.2578125
3 0.9171875 0.534375 0.0328125 0.1875
3 0.91796875 0.52734375 0.0328125 0.17578125