3 0.071875 0.50859375 0.01953125 0.046875
1 0.225 0.5390625 0.0921875 0.115625
1 0.228125 0.53125 0.0859375 0.1078125
1 0.28984375 0.5234375 0.0484375 0.05078125
5 0.284375 0.4390625 0.015625 0.040625
1 0.37421875 0.56875 0.14453125 0.1890625
1 0.44453125 0.51953125 0.053125 0.09765625
1 0.48515625 0.5140625 0.03515625 0.06640625
5 0.490625 0.4234375 0.021875 0.040625
5 0.49140625 0.4234375 0.0171875 0.0390625
3 0.50859375 0.515625 0.01953125 0.08203125
3 0.515625 0.515625 0.0140625 0.0859375
1 0.6265625 0.5375 0.14453125 0.16796875
1 0.81640625 0.553125 0.2359375 0.2328125