8 0.16875 0.37890625 0.0234375 0.0640625
8 0.1734375 0.378125 0.015625 0.04296875
0 0.2796875 0.46953125 0.01953125 0.0625
1 0.325 0.46953125 0.05078125 0.05625
1 0.37109375 0.4765625 0.0375 0.046875
1 0.37109375 0.46875 0.03515625 0.05625
1 0.4125 0.47265625 0.0484375 0.0625
7 0.46484375 0.28984375 0.01171875 0.05078125
7 0.46796875 0.29375 0.015625 0.040625
1 0.60234375 0.4921875 0.1484375 0.078125
7 0.5359375 0.296875 0.0140625 0.05078125
7 0.5390625 0.28984375 0.0140625 0.0609375
7 0.609375 0.30078125 0.0171875 0.0390625
7 0.60859375 0.30546875 0.015625 0.0453125
7 0.74375 0.3890625 0.015625 0.05078125
7 0.74609375 0.3890625 0.0140625 0.0390625
1 0.9015625 0.4625 0.06640625 0.0453125
1 0.9046875 0.4671875 0.05625 0.06640625
1 0.98359375 0.490625 0.02734375 0.0625
1 0.98515625 0.49140625 0.025 0.0625