2 0.109375 0.4328125 0.21875 0.5640625
1 0.24609375 0.54609375 0.0703125 0.1109375
1 0.2453125 0.54609375 0.05859375 0.1109375
1 0.37109375 0.55625 0.19140625 0.2875
4 0.3625 0.33984375 0.015625 0.040625
7 0.44921875 0.3421875 0.0171875 0.046875
4 0.4484375 0.34375 0.01171875 0.0375
1 0.4765625 0.5203125 0.0328125 0.0453125
2 0.6453125 0.425 0.28125 0.4203125
1 0.878125 0.69609375 0.240625 0.5921875
1 0.8359375 0.465625 0.1015625 0.1015625
3 0.81875 0.496875 0.01953125 0.0875
3 0.81953125 0.4953125 0.015625 0.0875
3 0.83515625 0.4828125 0.01953125 0.0484375
3 0.8375 0.48515625 0.015625 0.053125
3 0.846875 0.4875 0.0140625 0.05859375
3 0.85 0.48046875 0.0140625 0.0453125
3 0.8625 0.4734375 0.0140625 0.0546875
3 0.8625 0.475 0.015625 0.0453125