1 0.04765625 0.51484375 0.0953125 0.25625
1 0.89609375 0.55546875 0.2078125 0.2921875
1 0.240625 0.4984375 0.146875 0.109375
1 0.240625 0.4921875 0.146875 0.13125
1 0.33515625 0.49921875 0.0546875 0.0875
1 0.33515625 0.49296875 0.0453125 0.06640625
1 0.3734375 0.4953125 0.03125 0.0703125
1 0.403125 0.4921875 0.03515625 0.0546875
1 0.45234375 0.48046875 0.0375 0.0453125
1 0.596875 0.49375 0.046875 0.0625
1 0.64921875 0.5015625 0.0953125 0.0953125
1 0.6515625 0.5078125 0.0921875 0.10546875
1 0.76484375 0.53984375 0.1390625 0.1640625
1 0.75703125 0.53203125 0.115625 0.1578125