4 0.07109375 0.08515625 0.109375 0.15625
1 0.1765625 0.4984375 0.1 0.0609375
1 0.2046875 0.51875 0.1171875 0.0875
1 0.20234375 0.50859375 0.109375 0.1
1 0.33515625 0.496875 0.05078125 0.05078125
1 0.3375 0.4953125 0.046875 0.05078125
1 0.403125 0.50625 0.0640625 0.05859375
1 0.40546875 0.49921875 0.0609375 0.0546875
1 0.4515625 0.49140625 0.04296875 0.0609375
1 0.4796875 0.496875 0.025 0.040625
4 0.5703125 0.028125 0.02734375 0.05625
4 0.565625 0.36015625 0.0140625 0.053125
4 0.65234375 0.35546875 0.015625 0.040625
5 0.72578125 0.41015625 0.015625 0.04296875
4 0.80078125 0.0734375 0.025 0.08984375
3 0.87109375 0.4765625 0.025 0.0703125
3 0.87421875 0.48125 0.021875 0.0546875
0 0.9640625 0.49609375 0.0234375 0.1
3 0.98359375 0.5 0.01171875 0.084375