0 0.3875 0.471875 0.0078125 0.03125
1 0.228125 0.46796875 0.05625 0.03515625
1 0.41328125 0.471875 0.025 0.0375
1 0.43046875 0.471875 0.0140625 0.0296875
1 0.45390625 0.471875 0.025 0.0390625
7 0.48515625 0.378125 0.0140625 0.03125
7 0.4859375 0.3859375 0.0140625 0.03125
7 0.51875 0.3796875 0.01171875 0.0296875
7 0.52265625 0.38671875 0.0140625 0.0328125
7 0.55859375 0.3890625 0.015625 0.0328125
7 0.55859375 0.38359375 0.009375 0.0296875
7 0.62890625 0.428125 0.009375 0.0296875
7 0.65 0.409375 0.01171875 0.025
7 0.6546875 0.41796875 0.0140625 0.0390625
1 0.696875 0.478125 0.0609375 0.0375