1 0.121875 0.515625 0.1015625 0.13125
2 0.121875 0.51484375 0.0859375 0.11328125
2 0.18125 0.5078125 0.0484375 0.040625
1 0.1828125 0.5046875 0.0390625 0.046875
1 0.2265625 0.5234375 0.0484375 0.05625
1 0.23046875 0.528125 0.0453125 0.05078125
1 0.29296875 0.5375 0.0765625 0.0796875
1 0.33984375 0.50859375 0.0328125 0.0375
1 0.38359375 0.5140625 0.03125 0.05078125
1 0.38125 0.5109375 0.025 0.0390625
4 0.3953125 0.41796875 0.0140625 0.0375
5 0.43125 0.4265625 0.01953125 0.0296875
5 0.49140625 0.4625 0.0140625 0.0328125
5 0.50859375 0.4578125 0.01171875 0.0296875
1 0.5484375 0.49140625 0.05625 0.03515625
1 0.58515625 0.49140625 0.021875 0.0296875