3 0.94375 0.55 0.025 0.11328125
1 0.01171875 0.5828125 0.0234375 0.16015625
1 0.02265625 0.5796875 0.03515625 0.18359375
1 0.08671875 0.5796875 0.12890625 0.1796875
2 0.084375 0.49140625 0.1109375 0.0921875
1 0.06640625 0.51484375 0.046875 0.0609375
1 0.284375 0.590625 0.3296875 0.421875
4 0.3171875 0.328125 0.0171875 0.0546875
7 0.4140625 0.3265625 0.01953125 0.0484375
1 0.4546875 0.52421875 0.05078125 0.0953125
7 0.49140625 0.3265625 0.01953125 0.0546875
1 0.53203125 0.525 0.03515625 0.0453125
1 0.5328125 0.521875 0.0296875 0.046875
1 0.6890625 0.5625 0.15234375 0.171875
7 0.67890625 0.4171875 0.0171875 0.046875
2 0.8265625 0.48046875 0.1390625 0.1234375
1 0.8765625 0.48125 0.234375 0.1640625
1 0.8890625 0.52421875 0.146875 0.08203125
7 0.92890625 0.25703125 0.05078125 0.1546875