1 0.075 0.571875 0.15 0.140625
1 0.1671875 0.571875 0.0609375 0.0875
1 0.225 0.5484375 0.06875 0.0953125
1 0.265625 0.55390625 0.0296875 0.0796875
1 0.265625 0.54765625 0.025 0.0625
1 0.36875 0.53515625 0.040625 0.05625
1 0.4203125 0.53515625 0.040625 0.0640625
1 0.49375 0.54296875 0.02734375 0.06640625
1 0.5265625 0.540625 0.06875 0.078125
1 0.67265625 0.5046875 0.0703125 0.078125
1 0.68046875 0.503125 0.06640625 0.0546875
1 0.88359375 0.509375 0.07421875 0.1078125
1 0.8859375 0.509375 0.06875 0.09375