7 0.08203125 0.078125 0.1640625 0.15625
1 0.20234375 0.525 0.1578125 0.134375
1 0.2078125 0.525 0.15 0.1234375
1 0.18359375 0.496875 0.084375 0.06875
1 0.43046875 0.5015625 0.0546875 0.0625
1 0.47265625 0.49296875 0.0171875 0.0375
1 0.49375 0.4953125 0.0328125 0.04296875
4 0.565625 0.3640625 0.01953125 0.05859375
1 0.62890625 0.48515625 0.053125 0.06640625
1 0.6375 0.48125 0.053125 0.05625
1 0.67890625 0.5203125 0.07421875 0.0859375
4 0.65234375 0.35546875 0.015625 0.040625
1 0.68046875 0.503125 0.05859375 0.0625
1 0.68828125 0.46875 0.04296875 0.0375
1 0.68828125 0.46875 0.04296875 0.0296875
5 0.72578125 0.4140625 0.0171875 0.0484375
1 0.7859375 0.51953125 0.1234375 0.146875
1 0.784375 0.5078125 0.109375 0.1078125
9 0.80078125 0.07734375 0.05078125 0.1171875
4 0.80078125 0.07421875 0.025 0.0921875
1 0.92578125 0.53515625 0.14453125 0.2203125