1 0.03203125 0.54765625 0.05625 0.0625
8 0.11328125 0.43125 0.0171875 0.04296875
1 0.140625 0.54375 0.0375 0.0546875
1 0.140625 0.54609375 0.0328125 0.0453125
1 0.20625 0.5390625 0.0640625 0.10546875
5 0.209375 0.440625 0.01953125 0.0328125
5 0.2109375 0.434375 0.015625 0.03515625
1 0.26171875 0.54765625 0.04296875 0.04296875
2 0.3265625 0.49921875 0.0875 0.16796875
1 0.378125 0.565625 0.0953125 0.115625
1 0.8140625 0.6125 0.3671875 0.421875
3 0.65546875 0.51640625 0.03125 0.1328125
1 0.69375 0.4984375 0.0296875 0.103125