1 0.01640625 0.53046875 0.0296875 0.046875
7 0.06171875 0.44609375 0.021875 0.040625
8 0.06328125 0.4625 0.0171875 0.0484375
1 0.1265625 0.52265625 0.03515625 0.0453125
1 0.171875 0.51953125 0.03515625 0.040625
1 0.2203125 0.509375 0.0453125 0.053125
8 0.2140625 0.37109375 0.01953125 0.0546875
1 0.42890625 0.5796875 0.38125 0.5296875
1 0.26640625 0.50859375 0.04296875 0.08984375
4 0.58671875 0.3703125 0.0328125 0.0609375
1 0.6625 0.5328125 0.11328125 0.103125
3 0.725 0.525 0.03515625 0.14453125
3 0.73359375 0.51953125 0.0453125 0.1890625
1 0.93671875 0.66796875 0.1234375 0.3109375