1 0.94140625 0.540625 0.115625 0.2328125
1 0.11328125 0.51171875 0.15234375 0.109375
1 0.225 0.503125 0.08984375 0.0921875
1 0.22265625 0.5015625 0.084375 0.0859375
1 0.2765625 0.4875 0.053125 0.0859375
1 0.309375 0.4953125 0.0390625 0.0796875
1 0.31640625 0.48359375 0.0375 0.07421875
1 0.34765625 0.4890625 0.053125 0.06875
1 0.3453125 0.4859375 0.040625 0.0625
1 0.3859375 0.47734375 0.0390625 0.05859375
1 0.409375 0.48125 0.0296875 0.053125
1 0.6484375 0.4953125 0.05859375 0.0625
1 0.7546875 0.5109375 0.0953125 0.10546875
1 0.8609375 0.521875 0.1625 0.1546875