3 0.0453125 0.55078125 0.0296875 0.11875
3 0.084375 0.565625 0.0234375 0.1328125
3 0.0890625 0.55390625 0.025 0.125
3 0.0921875 0.55625 0.0171875 0.134375
1 0.1234375 0.55390625 0.0796875 0.103125
3 0.1078125 0.55390625 0.0296875 0.13125
3 0.1546875 0.55390625 0.0375 0.146875
1 0.22734375 0.5484375 0.0796875 0.11875
1 0.28046875 0.53125 0.01953125 0.046875
1 0.4015625 0.5140625 0.0171875 0.04296875
3 0.4109375 0.53125 0.021875 0.1265625
3 0.41796875 0.5203125 0.02734375 0.14453125
1 0.434375 0.5203125 0.0546875 0.06640625
3 0.43828125 0.52265625 0.01953125 0.15234375
3 0.54296875 0.50859375 0.0234375 0.0953125
3 0.56171875 0.50859375 0.021875 0.0953125
3 0.56328125 0.5046875 0.0140625 0.084375
4 0.58203125 0.30859375 0.0296875 0.09375
3 0.58203125 0.50390625 0.0234375 0.10546875
3 0.7015625 0.49609375 0.02734375 0.1328125
1 0.85078125 0.6734375 0.2953125 0.64453125