2 0.0515625 0.49140625 0.103125 0.1265625
1 0.1125 0.525 0.11328125 0.071875
1 0.11875 0.5296875 0.1171875 0.0859375
1 0.209375 0.52265625 0.078125 0.0546875
1 0.24921875 0.5375 0.0765625 0.0703125
8 0.30859375 0.4234375 0.015625 0.0484375
8 0.309375 0.4171875 0.0140625 0.0328125
1 0.38125 0.53515625 0.11875 0.140625
1 0.44921875 0.528125 0.06875 0.0796875
1 0.540625 0.53125 0.084375 0.1078125
8 0.5515625 0.32109375 0.0171875 0.04296875
8 0.5515625 0.3203125 0.01171875 0.0390625
1 0.6234375 0.503125 0.05078125 0.05078125
5 0.625 0.31875 0.0140625 0.0390625
1 0.7171875 0.5265625 0.14453125 0.1875
5 0.740625 0.3984375 0.01171875 0.0375
3 0.809375 0.496875 0.01953125 0.1109375
4 0.8125 0.3328125 0.0234375 0.0765625
3 0.82890625 0.49609375 0.015625 0.07421875
3 0.84453125 0.4953125 0.021875 0.09375
3 0.8421875 0.49609375 0.0171875 0.0875
3 0.88125 0.4890625 0.01953125 0.09765625