1 0.05625 0.5796875 0.1125 0.13125
1 0.14140625 0.5734375 0.109375 0.1328125
1 0.14921875 0.521875 0.0640625 0.046875
1 0.2078125 0.56640625 0.03515625 0.0953125
1 0.24375 0.56171875 0.0375 0.0703125
1 0.271875 0.56328125 0.01953125 0.053125
1 0.28828125 0.5625 0.0296875 0.05078125
1 0.31953125 0.5515625 0.04296875 0.0609375
1 0.45 0.59453125 0.1546875 0.203125
1 0.67109375 0.54296875 0.04296875 0.0625
1 0.7203125 0.54765625 0.040625 0.0625
1 0.775 0.56171875 0.08984375 0.084375
1 0.86328125 0.53515625 0.046875 0.04296875
1 0.9109375 0.5578125 0.1015625 0.1109375