1 0.1203125 0.5375 0.0546875 0.0609375
1 0.15703125 0.5375 0.0453125 0.0609375
1 0.2125 0.53125 0.03125 0.0484375
1 0.2546875 0.5296875 0.03515625 0.0390625
1 0.25625 0.52734375 0.0375 0.03125
1 0.38125 0.5625 0.1890625 0.25625
1 0.465625 0.534375 0.04296875 0.1109375
1 0.5171875 0.51953125 0.0484375 0.05859375
1 0.515625 0.52265625 0.0375 0.0546875
3 0.54765625 0.51484375 0.025 0.078125
3 0.5515625 0.51953125 0.01953125 0.0703125
1 0.62421875 0.4984375 0.05625 0.05625
1 0.86328125 0.57421875 0.26953125 0.3828125