1 0.0921875 0.48515625 0.0328125 0.025
1 0.09765625 0.5140625 0.02734375 0.02734375
1 0.1765625 0.49609375 0.0875 0.06875
1 0.334375 0.4953125 0.053125 0.05078125
1 0.33671875 0.49140625 0.0328125 0.046875
1 0.3875 0.5015625 0.053125 0.07421875
1 0.46796875 0.4921875 0.040625 0.040625
1 0.490625 0.496875 0.0234375 0.0390625
4 0.5703125 0.028125 0.025 0.05625
4 0.565625 0.36015625 0.01171875 0.05078125
7 0.65234375 0.35546875 0.015625 0.0390625
2 0.734375 0.46015625 0.1390625 0.0859375
7 0.72578125 0.40625 0.0140625 0.04296875
7 0.7296875 0.4078125 0.0140625 0.02734375
7 0.8015625 0.0703125 0.0234375 0.08984375
0 0.9671875 0.4921875 0.0296875 0.1015625
3 0.9734375 0.48125 0.0296875 0.15
3 0.99140625 0.48125 0.01171875 0.084375