3 0.0390625 0.546875 0.02734375 0.09375
3 0.0390625 0.5484375 0.0234375 0.07421875
1 0.1234375 0.53828125 0.071875 0.0765625
0 0.1859375 0.5375 0.0453125 0.08984375
1 0.3296875 0.65234375 0.33203125 0.41796875
3 0.1859375 0.5390625 0.021875 0.08203125
3 0.196875 0.5359375 0.021875 0.08203125
3 0.196875 0.5203125 0.015625 0.0546875
8 0.28046875 0.2765625 0.01953125 0.0625
7 0.38984375 0.2859375 0.01953125 0.071875
3 0.5140625 0.5234375 0.021875 0.0625
3 0.5171875 0.5265625 0.0140625 0.0609375
3 0.52734375 0.51875 0.0171875 0.0625
3 0.5296875 0.51953125 0.015625 0.0703125
7 0.56328125 0.4078125 0.021875 0.0625
1 0.70625 0.54296875 0.290625 0.1390625
3 0.62890625 0.50859375 0.0234375 0.07421875
0 0.771875 0.53828125 0.12109375 0.1890625
1 0.8640625 0.525 0.12109375 0.07421875