5 0.9703125 0.16796875 0.0390625 0.134375
1 0.915625 0.47578125 0.165625 0.1578125
1 0.0203125 0.54296875 0.0390625 0.07421875
8 0.04375 0.4359375 0.0171875 0.0546875
8 0.04609375 0.434375 0.0171875 0.0546875
1 0.075 0.5359375 0.0484375 0.0484375
1 0.2671875 0.50859375 0.0640625 0.07421875
8 0.25703125 0.2921875 0.01953125 0.05625
5 0.35859375 0.30078125 0.01953125 0.05859375
1 0.37109375 0.50390625 0.03125 0.0484375
1 0.4 0.5046875 0.0328125 0.0390625
5 0.4984375 0.3953125 0.021875 0.0484375
1 0.79609375 0.4578125 0.07421875 0.0859375