1 0.915625 0.490625 0.0953125 0.040625
4 0.06171875 0.07109375 0.0953125 0.1421875
1 0.13359375 0.496875 0.071875 0.0703125
1 0.45 0.4984375 0.021875 0.046875
1 0.475 0.49921875 0.03515625 0.0484375
1 0.54609375 0.49140625 0.1234375 0.0921875
7 0.5640625 0.3640625 0.0171875 0.0484375
4 0.57109375 0.0265625 0.02734375 0.05078125
7 0.653125 0.3578125 0.0171875 0.0546875
1 0.77734375 0.5015625 0.1390625 0.0703125
7 0.728125 0.415625 0.0171875 0.05078125
7 0.80078125 0.07734375 0.0296875 0.10546875
1 0.8625 0.4890625 0.071875 0.0546875