1 0.1765625 0.47734375 0.040625 0.05078125
1 0.240625 0.5125 0.1390625 0.125
1 0.38984375 0.5015625 0.103125 0.084375
1 0.38984375 0.49921875 0.1015625 0.078125
1 0.52734375 0.48125 0.0375 0.046875
8 0.575 0.0375 0.0328125 0.07421875
4 0.575 0.35625 0.015625 0.046875
7 0.66015625 0.35 0.015625 0.0390625
7 0.7328125 0.403125 0.0140625 0.04296875
7 0.73359375 0.4 0.0140625 0.02734375
7 0.7921875 0.07734375 0.021875 0.078125
3 0.80078125 0.46484375 0.025 0.08984375
3 0.80625 0.475 0.01953125 0.05859375
3 0.95703125 0.475 0.0296875 0.15625
0 0.96484375 0.48359375 0.025 0.103125
3 0.99140625 0.4828125 0.0140625 0.13125
3 0.99140625 0.48125 0.01171875 0.084375