1 0.21796875 0.7109375 0.4359375 0.4984375
1 0.06953125 0.578125 0.134375 0.146875
3 0.1265625 0.415625 0.0140625 0.03125
7 0.153125 0.3984375 0.0171875 0.053125
1 0.409375 0.54765625 0.0796875 0.11875
7 0.525 0.37109375 0.01953125 0.06875
3 0.6046875 0.525 0.0171875 0.0765625
3 0.625 0.525 0.021875 0.07421875
3 0.66875 0.53203125 0.025 0.0953125
1 0.78046875 0.5359375 0.20703125 0.134375
3 0.8328125 0.5328125 0.04296875 0.240625
3 0.8890625 0.5265625 0.05625 0.24375
3 0.98359375 0.53828125 0.0296875 0.2171875