1 0.02734375 0.55546875 0.0546875 0.209375
3 0.03125 0.503125 0.01953125 0.046875
3 0.0453125 0.5125 0.015625 0.040625
3 0.10625 0.53125 0.0140625 0.0796875
3 0.1609375 0.5203125 0.0140625 0.071875
1 0.2171875 0.5265625 0.109375 0.06640625
1 0.34765625 0.59765625 0.196875 0.2578125
5 0.26640625 0.4265625 0.0234375 0.05625
5 0.2671875 0.43046875 0.015625 0.040625
1 0.4515625 0.52265625 0.06640625 0.13125
1 0.4984375 0.515625 0.0453125 0.0640625
5 0.503125 0.4125 0.021875 0.0625
5 0.503125 0.4125 0.0171875 0.0390625
3 0.534375 0.51875 0.025 0.0953125
3 0.53203125 0.51640625 0.0171875 0.08984375
3 0.5421875 0.51484375 0.0140625 0.0859375
3 0.559375 0.509375 0.015625 0.09375
3 0.5734375 0.496875 0.021875 0.0703125
3 0.5734375 0.503125 0.0140625 0.06640625
3 0.5921875 0.503125 0.01953125 0.0546875
1 0.76171875 0.55625 0.2828125 0.2734375