0 0.05078125 0.53828125 0.0484375 0.0796875
8 0.05390625 0.4375 0.01953125 0.053125
3 0.059375 0.5421875 0.0171875 0.0796875
0 0.07109375 0.540625 0.03125 0.071875
3 0.0671875 0.53984375 0.015625 0.078125
3 0.08125 0.53828125 0.025 0.0796875
0 0.08203125 0.5375 0.01171875 0.06875
0 0.1 0.54296875 0.021875 0.06875
0 0.0984375 0.53828125 0.0171875 0.06640625
1 0.171875 0.525 0.0875 0.07421875
2 0.1734375 0.521875 0.08203125 0.084375
2 0.2390625 0.51171875 0.05625 0.05625
1 0.2453125 0.515625 0.0625 0.05859375
1 0.246875 0.53203125 0.05859375 0.0484375
3 0.28515625 0.5140625 0.025 0.07421875
2 0.328125 0.48125 0.1 0.146875
1 0.42109375 0.51953125 0.025 0.0328125
8 0.4484375 0.32109375 0.01953125 0.0546875
1 0.46484375 0.5140625 0.0296875 0.040625
7 0.51953125 0.32421875 0.021875 0.06875
1 0.5875 0.51171875 0.10546875 0.09375
7 0.65625 0.4078125 0.021875 0.0640625
3 0.871875 0.60234375 0.134375 0.4453125