1 0.0765625 0.5703125 0.15234375 0.178125
1 0.20703125 0.55390625 0.134375 0.1546875
1 0.2078125 0.54296875 0.11328125 0.134375
1 0.27421875 0.5171875 0.0859375 0.125
1 0.28984375 0.525 0.05625 0.1265625
1 0.3265625 0.5171875 0.0609375 0.1
1 0.33515625 0.509375 0.040625 0.1
1 0.3640625 0.51171875 0.053125 0.08984375
1 0.365625 0.51171875 0.0375 0.07421875
1 0.5984375 0.475 0.06875 0.13671875
1 0.61015625 0.5140625 0.0625 0.09375
1 0.61796875 0.5171875 0.06875 0.0875
1 0.6734375 0.5234375 0.0921875 0.13125
1 0.8375 0.509375 0.2734375 0.2828125