3 0.0640625 0.540625 0.025 0.1
3 0.065625 0.5484375 0.0171875 0.0859375
3 0.08125 0.5484375 0.0296875 0.0953125
3 0.08125 0.55078125 0.015625 0.1
1 0.11796875 0.56171875 0.084375 0.08984375
1 0.22265625 0.5515625 0.09375 0.1109375
1 0.2734375 0.5375 0.0328125 0.0859375
1 0.28203125 0.5296875 0.03125 0.06640625
1 0.30546875 0.5171875 0.03125 0.06640625
1 0.4328125 0.5171875 0.046875 0.05859375
4 0.5828125 0.31875 0.0296875 0.09765625
3 0.6953125 0.503125 0.03515625 0.13125
3 0.6984375 0.50078125 0.0328125 0.134375
3 0.746875 0.5 0.03125 0.11328125
3 0.771875 0.4953125 0.040625 0.1640625
3 0.815625 0.50078125 0.05625 0.1578125
3 0.81953125 0.490625 0.05078125 0.1640625
3 0.86015625 0.5296875 0.03515625 0.0875