1 0.0609375 0.553125 0.103125 0.10546875
2 0.1734375 0.5296875 0.09765625 0.134375
8 0.26875 0.40625 0.02734375 0.0796875
1 0.3609375 0.5125 0.053125 0.0859375
1 0.384375 0.484375 0.02734375 0.021875
1 0.40625 0.50078125 0.0328125 0.0484375
1 0.415625 0.475 0.0234375 0.0296875
1 0.4765625 0.52265625 0.071875 0.10546875
1 0.525 0.4984375 0.0375 0.0296875
1 0.5671875 0.5 0.0546875 0.0625
1 0.646875 0.51953125 0.0703125 0.0640625
5 0.6375 0.20703125 0.0234375 0.0796875
1 0.746875 0.5375 0.1015625 0.0796875
5 0.8546875 0.378125 0.0171875 0.0625
3 0.8625 0.5171875 0.01953125 0.0921875