1 0.86328125 0.54375 0.0765625 0.0546875
3 0.88203125 0.54296875 0.0140625 0.053125
1 0.09375 0.525 0.0609375 0.0390625
4 0.0375 0.24296875 0.021875 0.0765625
1 0.2140625 0.54765625 0.1109375 0.0859375
1 0.20625 0.540625 0.0875 0.071875
1 0.22265625 0.53203125 0.025 0.040625
1 0.33671875 0.62421875 0.23046875 0.28125
4 0.24609375 0.3546875 0.01953125 0.0546875
4 0.3265625 0.2921875 0.0234375 0.0609375
4 0.3859375 0.41796875 0.0140625 0.03515625
5 0.3875 0.421875 0.0171875 0.0328125
5 0.4234375 0.446875 0.0171875 0.03125
1 0.45 0.525 0.025 0.040625
1 0.4828125 0.52734375 0.02734375 0.03125
1 0.515625 0.5484375 0.071875 0.0953125
5 0.5125 0.40546875 0.01171875 0.0328125
5 0.51640625 0.40625 0.0171875 0.0453125
1 0.60234375 0.565625 0.146875 0.1859375
1 0.5484375 0.5328125 0.0375 0.0625
1 0.6390625 0.53046875 0.0453125 0.0765625
5 0.65 0.475 0.01171875 0.03125
1 0.75703125 0.56328125 0.146875 0.1703125
5 0.8484375 0.4046875 0.015625 0.05859375
4 0.8625 0.3546875 0.01953125 0.040625
4 0.91328125 0.3390625 0.021875 0.0625