1 0.14375 0.521875 0.103125 0.0875
1 0.12578125 0.48046875 0.02734375 0.0328125
6 0.153125 0.4734375 0.0296875 0.07421875
2 0.225 0.49609375 0.103125 0.1859375
8 0.31171875 0.4359375 0.01953125 0.0484375
6 0.31171875 0.434375 0.0140625 0.04296875
1 0.32734375 0.46171875 0.021875 0.0234375
1 0.33671875 0.47734375 0.01953125 0.0484375
1 0.36640625 0.5078125 0.053125 0.0859375
1 0.375 0.4625 0.02734375 0.021875
1 0.37578125 0.4515625 0.01953125 0.025
1 0.428125 0.5265625 0.09375 0.140625
1 0.475 0.4703125 0.03515625 0.0453125
1 0.47734375 0.46875 0.0328125 0.0453125
5 0.49375 0.32734375 0.0171875 0.0484375
5 0.49375 0.3265625 0.015625 0.0453125
1 0.5125 0.48515625 0.0328125 0.03125
1 0.55625 0.49140625 0.0484375 0.046875
5 0.60625 0.4078125 0.0140625 0.0328125
3 0.60859375 0.4765625 0.0171875 0.06640625
1 0.71953125 0.4953125 0.1 0.0546875