1 0.0890625 0.5375 0.06875 0.06875
1 0.209375 0.55625 0.1640625 0.16015625
8 0.26484375 0.484375 0.0171875 0.040625
7 0.26640625 0.475 0.0140625 0.040625
1 0.325 0.5015625 0.0328125 0.04296875
1 0.36328125 0.5203125 0.0640625 0.06875
7 0.38359375 0.44375 0.0140625 0.0296875
8 0.3859375 0.4484375 0.0171875 0.0390625
5 0.38984375 0.4171875 0.015625 0.0375
5 0.390625 0.41484375 0.0140625 0.0328125
1 0.41484375 0.5078125 0.03515625 0.0484375
1 0.48046875 0.5015625 0.03515625 0.05078125
5 0.4703125 0.39375 0.0140625 0.0375
5 0.5453125 0.4265625 0.01953125 0.053125
5 0.5421875 0.44375 0.01171875 0.0328125