0 0.1234375 0.5015625 0.05625 0.09375
0 0.121875 0.4953125 0.040625 0.0640625
8 0.184375 0.415625 0.0140625 0.03125
8 0.18671875 0.41796875 0.0140625 0.040625
1 0.30078125 0.4921875 0.0875 0.0921875
8 0.34453125 0.35546875 0.01953125 0.04296875
8 0.34296875 0.35078125 0.0140625 0.03515625
1 0.35859375 0.47734375 0.0234375 0.0453125
1 0.403125 0.4796875 0.1078125 0.06640625
1 0.4046875 0.47734375 0.109375 0.053125
7 0.41015625 0.33984375 0.0171875 0.05078125
7 0.409375 0.33984375 0.009375 0.0375
7 0.515625 0.40625 0.0171875 0.0453125
7 0.51484375 0.409375 0.0140625 0.04296875
7 0.54765625 0.33984375 0.01953125 0.05078125
1 0.6703125 0.4578125 0.12109375 0.040625
1 0.6703125 0.4578125 0.115625 0.0703125
3 0.67578125 0.484375 0.03515625 0.11875