1 0.559375 0.51640625 0.03125 0.0484375
3 0.6390625 0.5046875 0.0234375 0.05625
3 0.02734375 0.54375 0.015625 0.071875
3 0.0453125 0.54765625 0.015625 0.05625
3 0.0484375 0.55 0.01171875 0.078125
8 0.05546875 0.4359375 0.0171875 0.0484375
3 0.0609375 0.546875 0.0140625 0.0703125
3 0.08125 0.53828125 0.025 0.0796875
3 0.084375 0.5375 0.0171875 0.071875
3 0.09453125 0.540625 0.0171875 0.071875
0 0.0984375 0.53828125 0.0171875 0.06640625
3 0.140625 0.6046875 0.06875 0.4296875
3 0.14375 0.59296875 0.06875 0.4359375
1 0.171875 0.525 0.0875 0.07421875
2 0.1765625 0.521875 0.078125 0.084375
2 0.240625 0.51171875 0.05625 0.05625
1 0.2453125 0.515625 0.0625 0.05859375
1 0.246875 0.53203125 0.05859375 0.0484375
3 0.28515625 0.5140625 0.025 0.07421875
2 0.32890625 0.48125 0.1 0.146875
3 0.4734375 0.60625 0.15625 0.38125
8 0.4484375 0.3203125 0.01953125 0.0546875
1 0.5015625 0.51953125 0.046875 0.0625
1 0.5015625 0.515625 0.0390625 0.0546875
7 0.51953125 0.32421875 0.021875 0.06875
7 0.65625 0.40703125 0.021875 0.0625
1 0.88125 0.5078125 0.1703125 0.1