1 0.09296875 0.37890625 0.1859375 0.125
1 0.1296875 0.53125 0.259375 0.2828125
1 0.2359375 0.471875 0.0296875 0.05078125
1 0.2671875 0.46875 0.0328125 0.05078125
2 0.31328125 0.4296875 0.0953125 0.1328125
7 0.3640625 0.39140625 0.0140625 0.02734375
1 0.38359375 0.4546875 0.053125 0.0765625
7 0.36875 0.38984375 0.01953125 0.0328125
7 0.38984375 0.38984375 0.0140625 0.02734375
7 0.3921875 0.38984375 0.01171875 0.0296875
1 0.42890625 0.4625 0.03515625 0.053125
7 0.43046875 0.3859375 0.0140625 0.0296875
7 0.4328125 0.384375 0.015625 0.0296875
1 0.453125 0.45625 0.02734375 0.0390625
7 0.4546875 0.3890625 0.0140625 0.0375
7 0.4578125 0.3890625 0.0140625 0.0296875
1 0.4828125 0.4640625 0.040625 0.0546875
1 0.5125 0.45234375 0.040625 0.046875
7 0.51484375 0.41328125 0.01171875 0.02734375
1 0.91796875 0.42890625 0.1078125 0.07421875