1 0.9421875 0.6453125 0.115625 0.38671875
1 0.05078125 0.509375 0.071875 0.0875
1 0.053125 0.50859375 0.05859375 0.1
8 0.0984375 0.35625 0.01953125 0.05078125
8 0.1 0.34765625 0.015625 0.0390625
1 0.140625 0.5015625 0.0609375 0.0703125
1 0.1421875 0.50078125 0.046875 0.0484375
1 0.18671875 0.503125 0.0375 0.0640625
5 0.178125 0.3625 0.0171875 0.03515625
5 0.18046875 0.3703125 0.015625 0.0375
1 0.23046875 0.4984375 0.0546875 0.07421875
1 0.26953125 0.4984375 0.02734375 0.04296875
5 0.28203125 0.446875 0.0140625 0.03125
5 0.28515625 0.440625 0.015625 0.040625
1 0.5875 0.48046875 0.06875 0.0640625
1 0.60078125 0.4734375 0.06640625 0.0375
5 0.58515625 0.3765625 0.01953125 0.0375
5 0.58671875 0.36640625 0.015625 0.0546875