1 0.0609375 0.5109375 0.12109375 0.1875
4 0.07109375 0.08515625 0.109375 0.15625
1 0.1765625 0.4984375 0.1 0.0609375
1 0.2796875 0.51484375 0.10546875 0.103125
1 0.403125 0.4984375 0.0640625 0.06640625
1 0.4046875 0.496875 0.05859375 0.046875
1 0.45390625 0.5 0.0296875 0.0328125
1 0.48125 0.5 0.0234375 0.0328125
1 0.48125 0.50078125 0.021875 0.03125
4 0.5703125 0.028125 0.025 0.05625
4 0.56640625 0.36015625 0.0140625 0.05078125
4 0.65234375 0.35546875 0.015625 0.040625
0 0.70390625 0.484375 0.01953125 0.05078125
5 0.72578125 0.4125 0.015625 0.0453125
1 0.8265625 0.49921875 0.13671875 0.1640625
4 0.80078125 0.07421875 0.025 0.0921875
1 0.9390625 0.50078125 0.103125 0.1390625