2 0.06328125 0.4828125 0.1265625 0.18125
1 0.1140625 0.56171875 0.1078125 0.1109375
1 0.17890625 0.48046875 0.13125 0.13125
1 0.28515625 0.62421875 0.290625 0.3453125
1 0.38359375 0.496875 0.1578125 0.26171875
1 0.43359375 0.51953125 0.078125 0.259375
1 0.51171875 0.53984375 0.0609375 0.084375
1 0.53125 0.5328125 0.0296875 0.1109375
1 0.57421875 0.5265625 0.08984375 0.16015625
1 0.653125 0.55625 0.1734375 0.1796875
2 0.7484375 0.47734375 0.1109375 0.19921875
1 0.753125 0.48125 0.1078125 0.1796875