1 0.1015625 0.546875 0.10546875 0.109375
1 0.18046875 0.5203125 0.05625 0.115625
1 0.17890625 0.53046875 0.0484375 0.07421875
1 0.2546875 0.53046875 0.08984375 0.08984375
1 0.25859375 0.53046875 0.078125 0.078125
1 0.3078125 0.51953125 0.0234375 0.05625
1 0.33671875 0.51171875 0.0453125 0.0546875
1 0.33515625 0.50859375 0.0390625 0.0546875
1 0.4 0.5 0.046875 0.06640625
1 0.42578125 0.5078125 0.0328125 0.053125
1 0.496875 0.49921875 0.05625 0.0765625
1 0.56953125 0.51953125 0.01953125 0.040625
1 0.58515625 0.52421875 0.03515625 0.0453125
1 0.590625 0.525 0.0328125 0.0625
1 0.63359375 0.53515625 0.0765625 0.08984375