1 0.0625 0.565625 0.125 0.2359375
1 0.2015625 0.53984375 0.0953125 0.1
1 0.20390625 0.5390625 0.08984375 0.0953125
1 0.2890625 0.51953125 0.05859375 0.0859375
1 0.2953125 0.5203125 0.0546875 0.0765625
5 0.275 0.44921875 0.01171875 0.03125
1 0.39765625 0.559375 0.134375 0.17578125
5 0.47578125 0.4359375 0.01171875 0.03125
1 0.57890625 0.528125 0.0328125 0.1078125
1 0.63203125 0.52734375 0.1015625 0.171875
1 0.646875 0.53125 0.12109375 0.16015625
1 0.7375 0.5390625 0.12109375 0.3375
1 0.83515625 0.53125 0.3109375 0.2984375