1 0.1625 0.525 0.06875 0.0859375
8 0.2078125 0.3921875 0.0234375 0.0484375
8 0.2109375 0.4 0.0171875 0.0609375
5 0.22578125 0.33203125 0.025 0.0640625
5 0.225 0.346875 0.01953125 0.0375
1 0.265625 0.5375 0.08984375 0.0953125
1 0.340625 0.5265625 0.04296875 0.05078125
1 0.4 0.521875 0.03515625 0.05078125
5 0.4078125 0.30546875 0.021875 0.0484375
5 0.41015625 0.29375 0.0234375 0.0640625
5 0.546875 0.40625 0.0140625 0.04296875
5 0.55078125 0.403125 0.0171875 0.04296875
7 0.6734375 0.4328125 0.025 0.0390625
1 0.85078125 0.52421875 0.1953125 0.125