1 0.0765625 0.4921875 0.15234375 0.1109375
1 0.1828125 0.51171875 0.084375 0.0609375
5 0.3109375 0.4078125 0.0140625 0.0609375
5 0.3125 0.415625 0.01953125 0.0390625
1 0.43359375 0.4828125 0.03515625 0.05078125
1 0.509375 0.48359375 0.03125 0.04296875
5 0.5453125 0.33125 0.01953125 0.03125
5 0.54609375 0.3171875 0.0171875 0.0484375
1 0.6546875 0.5328125 0.1625 0.2359375
5 0.64375 0.4015625 0.01171875 0.04296875
5 0.71015625 0.34296875 0.025 0.07421875
5 0.71015625 0.35859375 0.0171875 0.04296875
1 0.8859375 0.5765625 0.2265625 0.328125