1 0.2171875 0.70234375 0.43359375 0.4828125
3 0.1265625 0.415625 0.015625 0.03125
7 0.14921875 0.3984375 0.0171875 0.0546875
1 0.3859375 0.53046875 0.03125 0.040625
1 0.3890625 0.528125 0.03125 0.04296875
1 0.4484375 0.53125 0.03125 0.04296875
7 0.5265625 0.37109375 0.01953125 0.06875
3 0.6359375 0.52734375 0.0171875 0.0765625
3 0.65234375 0.52421875 0.021875 0.0765625
3 0.67265625 0.534375 0.02734375 0.0953125
3 0.83984375 0.528125 0.0453125 0.240625
3 0.8953125 0.5265625 0.0484375 0.240625
3 0.9796875 0.55390625 0.0375 0.2265625