0 0.05078125 0.609375 0.0765625 0.12890625
3 0.0921875 0.575 0.025 0.103125
3 0.11796875 0.57890625 0.03515625 0.1078125
3 0.13984375 0.57109375 0.0140625 0.078125
3 0.18046875 0.5671875 0.0234375 0.09765625
3 0.2859375 0.54765625 0.01953125 0.05078125
5 0.303125 0.46484375 0.015625 0.0390625
1 0.403125 0.56953125 0.1421875 0.209375
1 0.33671875 0.553125 0.009375 0.040625
5 0.54296875 0.45625 0.01953125 0.040625
1 0.559375 0.5765625 0.0484375 0.1390625
1 0.5859375 0.57734375 0.0921875 0.140625
1 0.63125 0.6 0.13671875 0.2015625
1 0.61875 0.6140625 0.1078125 0.1953125
1 0.81328125 0.66015625 0.3265625 0.41015625
3 0.78828125 0.4625 0.040625 0.0484375
3 0.7859375 0.45703125 0.01953125 0.0328125