1 0.06640625 0.621875 0.1328125 0.36328125
1 0.128125 0.53828125 0.06640625 0.0703125
1 0.1734375 0.540625 0.053125 0.05078125
1 0.3296875 0.659375 0.328125 0.41796875
8 0.27734375 0.28046875 0.0234375 0.06640625
7 0.3890625 0.2859375 0.0234375 0.07421875
3 0.48828125 0.52421875 0.021875 0.06875
7 0.56328125 0.4140625 0.02734375 0.07421875
3 0.5625 0.525 0.021875 0.07421875
3 0.575 0.5203125 0.0171875 0.08203125
3 0.584375 0.5203125 0.01953125 0.08203125
3 0.60078125 0.51953125 0.0234375 0.0921875
0 0.62578125 0.52734375 0.0328125 0.0921875
0 0.6546875 0.5265625 0.0328125 0.08984375
3 0.68671875 0.525 0.021875 0.0859375
3 0.7015625 0.5265625 0.0234375 0.0859375
3 0.725 0.521875 0.021875 0.0859375
3 0.76875 0.5203125 0.03515625 0.11875
1 0.95 0.51953125 0.0953125 0.084375