1 0.565625 0.53046875 0.1578125 0.1078125
1 0.1203125 0.540625 0.0765625 0.08203125
1 0.17890625 0.53984375 0.046875 0.06640625
1 0.3296875 0.653125 0.3296875 0.4234375
8 0.28046875 0.27734375 0.021875 0.0640625
7 0.38984375 0.2875 0.021875 0.07421875
0 0.509375 0.53046875 0.0328125 0.07421875
7 0.56328125 0.4109375 0.0234375 0.0640625
1 0.66015625 0.53828125 0.04296875 0.07421875
0 0.66328125 0.525 0.021875 0.084375
3 0.6890625 0.53046875 0.021875 0.0859375
3 0.9640625 0.54765625 0.0703125 0.21484375
3 0.9640625 0.5515625 0.0703125 0.2125