1 0.09765625 0.51171875 0.0453125 0.0609375
1 0.096875 0.5109375 0.040625 0.05078125
1 0.23125 0.50859375 0.11328125 0.1265625
1 0.32890625 0.4875 0.0546875 0.0625
1 0.33515625 0.48515625 0.03515625 0.046875
1 0.36796875 0.484375 0.025 0.0453125
7 0.4015625 0.42265625 0.0140625 0.04296875
1 0.4265625 0.48515625 0.02734375 0.03515625
5 0.4515625 0.38984375 0.0140625 0.040625
5 0.54296875 0.43828125 0.01953125 0.04296875
5 0.5421875 0.4375 0.0140625 0.0296875
5 0.5828125 0.42578125 0.0140625 0.0390625
1 0.790625 0.4953125 0.23046875 0.109375
1 0.796875 0.50078125 0.21875 0.13125