1 0.071875 0.55546875 0.1265625 0.0921875
1 0.084375 0.559375 0.08203125 0.078125
1 0.1421875 0.540625 0.0875 0.078125
1 0.2046875 0.5375 0.07421875 0.053125
1 0.24609375 0.53125 0.0546875 0.05078125
1 0.4078125 0.5375 0.084375 0.11875
5 0.46484375 0.45390625 0.009375 0.03125
1 0.546875 0.503125 0.0921875 0.0703125
1 0.55 0.51484375 0.0921875 0.0703125
1 0.5796875 0.5296875 0.1171875 0.07421875
3 0.71953125 0.496875 0.02734375 0.1109375
3 0.74296875 0.4859375 0.01953125 0.08984375
3 0.74921875 0.49140625 0.02734375 0.0953125
3 0.77265625 0.4890625 0.025 0.09765625