0 0.021875 0.54765625 0.0328125 0.0859375
0 0.01953125 0.54296875 0.01953125 0.0703125
3 0.0578125 0.53828125 0.0140625 0.06640625
3 0.07734375 0.53203125 0.0140625 0.05859375
1 0.1234375 0.53125 0.09375 0.09765625
2 0.128125 0.5296875 0.0921875 0.0875
1 0.2 0.5390625 0.07421875 0.0640625
1 0.1984375 0.50703125 0.06640625 0.0390625
2 0.2015625 0.51484375 0.0546875 0.05078125
2 0.28984375 0.4828125 0.1078125 0.17578125
1 0.35859375 0.5203125 0.0328125 0.03515625
1 0.38984375 0.51953125 0.0390625 0.053125
8 0.4234375 0.31953125 0.01953125 0.0546875
7 0.5 0.3171875 0.021875 0.0625
1 0.540625 0.515625 0.0390625 0.0546875
1 0.65703125 0.525 0.1109375 0.078125
7 0.64453125 0.4125 0.021875 0.0625