1 0.0890625 0.521875 0.1015625 0.0625
1 0.1125 0.47265625 0.0234375 0.03515625
1 0.134375 0.49296875 0.03125 0.0296875
1 0.13203125 0.49609375 0.02734375 0.025
2 0.2203125 0.49296875 0.1015625 0.1796875
8 0.284375 0.434375 0.0140625 0.03515625
1 0.33671875 0.509375 0.0484375 0.0859375
1 0.35234375 0.465625 0.02734375 0.021875
1 0.35234375 0.45 0.01953125 0.01953125
1 0.39140625 0.525 0.09375 0.140625
1 0.4203125 0.4546875 0.0234375 0.02734375
5 0.4328125 0.35 0.015625 0.0453125
5 0.4328125 0.346875 0.0140625 0.046875
1 0.45703125 0.47734375 0.0296875 0.0296875
1 0.4890625 0.48125 0.0296875 0.0375
5 0.521875 0.4125 0.01171875 0.03515625
1 0.6109375 0.4859375 0.0796875 0.046875