1 0.0359375 0.56640625 0.071875 0.084375
1 0.01640625 0.571875 0.0328125 0.0921875
1 0.059375 0.54609375 0.103125 0.09765625
1 0.084375 0.55390625 0.053125 0.1015625
1 0.12421875 0.54765625 0.0703125 0.0796875
1 0.16484375 0.546875 0.04296875 0.06640625
1 0.18359375 0.5359375 0.071875 0.05859375
3 0.16875 0.53515625 0.0234375 0.084375
1 0.2390625 0.53125 0.05859375 0.05078125
1 0.32890625 0.55078125 0.14453125 0.2328125
1 0.46171875 0.5125 0.03515625 0.040625
1 0.62109375 0.5421875 0.103125 0.1328125
1 0.7359375 0.559375 0.2015625 0.16796875