1 0.084375 0.521875 0.12890625 0.146875
1 0.1765625 0.49609375 0.0875 0.06875
1 0.278125 0.5078125 0.1328125 0.0921875
1 0.2828125 0.5046875 0.12109375 0.109375
1 0.43125 0.49375 0.0296875 0.0390625
1 0.4734375 0.490625 0.0375 0.05078125
1 0.5234375 0.48515625 0.04296875 0.053125
4 0.5703125 0.028125 0.025 0.05625
4 0.5671875 0.36015625 0.01171875 0.05078125
7 0.653125 0.35546875 0.0140625 0.0390625
7 0.72734375 0.4015625 0.015625 0.04296875
7 0.7296875 0.40546875 0.0140625 0.02734375
7 0.79765625 0.0765625 0.025 0.0921875
3 0.8078125 0.47578125 0.03125 0.0875
3 0.80859375 0.475 0.01953125 0.05859375
3 0.971875 0.47734375 0.0296875 0.1546875
0 0.96953125 0.4828125 0.025 0.1015625
3 0.99140625 0.48125 0.01171875 0.084375