1 0.01640625 0.53046875 0.0296875 0.046875
7 0.0625 0.44453125 0.021875 0.04296875
8 0.0640625 0.4609375 0.0171875 0.0484375
1 0.128125 0.5203125 0.03515625 0.0453125
1 0.17265625 0.5171875 0.03515625 0.04296875
1 0.2203125 0.509375 0.046875 0.0546875
8 0.2140625 0.36875 0.01953125 0.0546875
1 0.42890625 0.58125 0.384375 0.5390625
1 0.265625 0.50859375 0.046875 0.08984375
4 0.58515625 0.365625 0.0328125 0.0609375
1 0.66328125 0.5328125 0.1109375 0.103125
3 0.740625 0.5234375 0.06875 0.19140625
3 0.7453125 0.525 0.03515625 0.14453125
1 0.93671875 0.66796875 0.125 0.3109375