1 0.25625 0.48828125 0.08984375 0.13671875
2 0.25703125 0.4796875 0.08984375 0.1328125
1 0.32734375 0.50859375 0.109375 0.15
8 0.35546875 0.4046875 0.015625 0.03515625
1 0.38984375 0.5109375 0.03125 0.0765625
5 0.4078125 0.4 0.015625 0.03515625
1 0.47265625 0.52265625 0.09375 0.1234375
5 0.44140625 0.4 0.015625 0.0375
0 0.534375 0.49609375 0.025 0.0875
5 0.53828125 0.4546875 0.0140625 0.03125
5 0.55 0.4390625 0.0171875 0.04296875
1 0.75859375 0.5109375 0.0546875 0.06640625
1 0.76484375 0.496875 0.046875 0.05859375