1 0.2265625 0.525 0.14453125 0.1171875
1 0.22734375 0.509375 0.1234375 0.1109375
1 0.42578125 0.4921875 0.04296875 0.0546875
1 0.425 0.49375 0.0296875 0.0390625
1 0.47265625 0.49140625 0.03515625 0.0484375
1 0.52734375 0.48515625 0.0453125 0.0546875
4 0.5703125 0.028125 0.02734375 0.05625
4 0.56640625 0.36015625 0.0140625 0.053125
7 0.653125 0.35546875 0.015625 0.040625
7 0.7265625 0.4015625 0.015625 0.04296875
7 0.7296875 0.40546875 0.0140625 0.02734375
7 0.79765625 0.07421875 0.025 0.0921875
3 0.81171875 0.47578125 0.03125 0.0875
3 0.8109375 0.47578125 0.01953125 0.05859375
3 0.9734375 0.47734375 0.03125 0.15625
0 0.9734375 0.4921875 0.02734375 0.1015625
3 0.99140625 0.48125 0.01171875 0.084375