0 0.05390625 0.5453125 0.0328125 0.07421875
8 0.0515625 0.440625 0.021875 0.05625
0 0.05546875 0.5421875 0.0171875 0.06640625
3 0.08125 0.53828125 0.0234375 0.0796875
3 0.084375 0.5421875 0.025 0.0765625
0 0.08125 0.5375 0.009375 0.06875
1 0.171875 0.525 0.0875 0.07421875
2 0.1734375 0.521875 0.08203125 0.084375
2 0.2375 0.51171875 0.05625 0.05625
1 0.2453125 0.515625 0.0625 0.05859375
1 0.24609375 0.53203125 0.05625 0.0484375
3 0.28515625 0.5140625 0.0234375 0.07421875
2 0.32734375 0.48125 0.1 0.146875
1 0.4015625 0.5171875 0.0328125 0.03515625
1 0.446875 0.51171875 0.02734375 0.0296875
8 0.4484375 0.32421875 0.01953125 0.05859375
1 0.46484375 0.5140625 0.02734375 0.0390625
7 0.51875 0.325 0.0234375 0.06640625
1 0.6328125 0.5265625 0.09765625 0.06640625
7 0.65546875 0.4109375 0.021875 0.0640625
1 0.8875 0.6328125 0.2203125 0.725
1 0.8875 0.634375 0.2171875 0.7203125