1 0.18828125 0.54375 0.19375 0.18125
7 0.19140625 0.4421875 0.0171875 0.025
1 0.3296875 0.475 0.0296875 0.0296875
7 0.3578125 0.42109375 0.0140625 0.03125
5 0.43671875 0.34296875 0.015625 0.0390625
5 0.43828125 0.34375 0.0140625 0.0484375
5 0.584375 0.41875 0.015625 0.03515625
5 0.609375 0.4 0.0171875 0.053125
5 0.6078125 0.41796875 0.01171875 0.03515625
2 0.66875 0.45625 0.1109375 0.0953125
1 0.6984375 0.459375 0.12890625 0.10546875
1 0.73828125 0.49375 0.08203125 0.07421875
1 0.7390625 0.490625 0.08203125 0.053125
1 0.85625 0.46953125 0.11328125 0.0703125
1 0.8515625 0.478125 0.0921875 0.0390625
1 0.8609375 0.45 0.084375 0.053125
1 0.91875 0.4640625 0.0796875 0.0546875
1 0.934375 0.46015625 0.05625 0.05625