1 0.8703125 0.7015625 0.2578125 0.5953125
1 0.15546875 0.55546875 0.12109375 0.14453125
1 0.1609375 0.55390625 0.1265625 0.14453125
1 0.2296875 0.5484375 0.0328125 0.08203125
1 0.23125 0.559375 0.03125 0.08984375
1 0.2484375 0.55390625 0.0328125 0.0796875
1 0.2671875 0.546875 0.05078125 0.08984375
1 0.42265625 0.5375 0.046875 0.05078125
2 0.475 0.51953125 0.040625 0.10546875
1 0.49296875 0.5421875 0.0328125 0.07421875
1 0.525 0.5359375 0.0703125 0.1625
1 0.5296875 0.534375 0.07421875 0.1421875
1 0.590625 0.565625 0.12109375 0.1328125