1 0.965625 0.6265625 0.06875 0.20703125
1 0.0109375 0.596875 0.021875 0.140625
1 0.1296875 0.5625 0.10546875 0.11875
1 0.19375 0.546875 0.053125 0.0953125
1 0.1984375 0.54609375 0.05078125 0.09765625
1 0.2359375 0.53125 0.040625 0.078125
1 0.27265625 0.52421875 0.0234375 0.0625
1 0.40234375 0.5265625 0.05625 0.08984375
1 0.459375 0.55 0.09375 0.109375
1 0.4546875 0.546875 0.0765625 0.0953125
1 0.571875 0.5375 0.0640625 0.109375
1 0.64921875 0.559375 0.1171875 0.1234375
1 0.834375 0.5875 0.209375 0.228125
3 0.753125 0.51953125 0.040625 0.12109375
3 0.7875 0.48828125 0.03515625 0.11328125