4 0.29296875 0.41328125 0.01953125 0.05625
1 0.44609375 0.58125 0.1734375 0.234375
5 0.47265625 0.421875 0.01171875 0.05078125
3 0.675 0.51875 0.021875 0.06640625
3 0.6765625 0.5296875 0.0140625 0.071875
3 0.69453125 0.5265625 0.0140625 0.0703125
3 0.69609375 0.53125 0.0140625 0.0703125
3 0.809375 0.49375 0.0171875 0.06875
3 0.81171875 0.50625 0.0171875 0.0875
3 0.8296875 0.5 0.0171875 0.09375
3 0.83671875 0.50859375 0.0234375 0.0953125
3 0.92265625 0.50390625 0.03125 0.13125
3 0.978125 0.50625 0.0296875 0.12890625