0 0.68828125 0.49375 0.009375 0.0375
4 0.07109375 0.08515625 0.109375 0.15625
1 0.2484375 0.5171875 0.1265625 0.1015625
1 0.3890625 0.503125 0.05625 0.0609375
1 0.3953125 0.503125 0.0640625 0.06640625
1 0.446875 0.49375 0.0375 0.040625
1 0.48125 0.5 0.0234375 0.0328125
1 0.48359375 0.503125 0.021875 0.03125
4 0.5703125 0.0296875 0.025 0.05625
4 0.56640625 0.36015625 0.0140625 0.05078125
4 0.65234375 0.35546875 0.015625 0.040625
5 0.72578125 0.41328125 0.015625 0.046875
1 0.78984375 0.50390625 0.11875 0.1484375
4 0.80078125 0.07421875 0.025 0.0921875
1 0.8953125 0.503125 0.103125 0.1390625
1 0.9703125 0.54375 0.04296875 0.16796875