2 0.0703125 0.5203125 0.13125 0.053125
1 0.109375 0.546875 0.0484375 0.0328125
1 0.1484375 0.54296875 0.025 0.021875
1 0.35859375 0.48515625 0.01953125 0.0328125
5 0.41796875 0.41484375 0.0171875 0.046875
5 0.41875 0.4171875 0.009375 0.03125
1 0.4421875 0.5015625 0.0171875 0.0234375
5 0.4640625 0.41796875 0.015625 0.0453125
5 0.4640625 0.41796875 0.01171875 0.0296875
1 0.46875 0.50703125 0.0140625 0.02734375
1 0.48046875 0.52421875 0.03125 0.0546875
1 0.48046875 0.5203125 0.025 0.03515625
1 0.5328125 0.53203125 0.05859375 0.0765625
5 0.55625 0.44375 0.021875 0.046875
5 0.553125 0.44609375 0.0140625 0.03515625