3 0.2953125 0.534375 0.01171875 0.0546875
3 0.0484375 0.5671875 0.040625 0.125
3 0.08203125 0.57109375 0.01953125 0.1078125
3 0.13359375 0.55078125 0.02734375 0.10546875
3 0.17578125 0.5390625 0.0171875 0.0546875
3 0.25390625 0.53203125 0.01953125 0.05078125
3 0.28203125 0.5328125 0.0171875 0.05078125
5 0.290625 0.4484375 0.015625 0.0390625
1 0.346875 0.53984375 0.03515625 0.05625
1 0.41875 0.553125 0.1421875 0.209375
1 0.5265625 0.528125 0.10546875 0.0765625
1 0.57421875 0.559375 0.053125 0.1546875
5 0.559375 0.434375 0.01953125 0.040625
1 0.66796875 0.5875 0.178125 0.2265625
1 0.63359375 0.58671875 0.10546875 0.2171875
1 0.8296875 0.66796875 0.3375 0.4
1 0.8296875 0.6921875 0.334375 0.4078125
3 0.89140625 0.446875 0.0609375 0.0953125
3 0.89453125 0.45390625 0.0625 0.1078125