1 0.9578125 0.54375 0.08203125 0.125
1 0.0640625 0.4609375 0.0796875 0.05859375
1 0.1078125 0.4578125 0.02734375 0.05078125
1 0.13125 0.4640625 0.03515625 0.0453125
1 0.17578125 0.4703125 0.05078125 0.05859375
1 0.21171875 0.4625 0.03125 0.053125
1 0.2515625 0.46953125 0.04296875 0.0625
1 0.290625 0.48046875 0.03515625 0.0453125
1 0.3 0.484375 0.05078125 0.0484375
1 0.33125 0.46953125 0.0328125 0.05078125
5 0.43046875 0.453125 0.01171875 0.0234375
1 0.4796875 0.50859375 0.1 0.1546875
5 0.4921875 0.425 0.01171875 0.0296875
1 0.60546875 0.5015625 0.04296875 0.053125
1 0.72734375 0.5203125 0.06875 0.08203125
1 0.7375 0.51484375 0.05859375 0.0765625
1 0.85546875 0.53125 0.14453125 0.1546875