4 0.0828125 0.07890625 0.165625 0.1578125
4 0.065625 0.0671875 0.0765625 0.125
1 0.0875 0.52421875 0.0375 0.053125
1 0.09375 0.49921875 0.04296875 0.03125
1 0.17109375 0.503125 0.103125 0.0640625
1 0.2203125 0.5125 0.05859375 0.0765625
1 0.2703125 0.52265625 0.103125 0.08203125
1 0.3421875 0.5171875 0.071875 0.0765625
1 0.4015625 0.49375 0.0296875 0.03515625
1 0.409375 0.4984375 0.0375 0.0328125
1 0.43046875 0.503125 0.025 0.0484375
1 0.43359375 0.490625 0.025 0.040625
1 0.4734375 0.49375 0.0296875 0.0390625
1 0.540625 0.4921875 0.02734375 0.04296875
4 0.56875 0.36015625 0.025 0.0625
4 0.5734375 0.03046875 0.0296875 0.05625
7 0.56640625 0.3640625 0.0140625 0.04296875
7 0.65234375 0.3578125 0.009375 0.0390625
7 0.80078125 0.07734375 0.05078125 0.1171875
7 0.8015625 0.07734375 0.0296875 0.08984375
1 0.81171875 0.49140625 0.025 0.05625
1 0.8609375 0.49140625 0.0859375 0.0546875
3 0.959375 0.490625 0.0234375 0.1