1 0.06640625 0.50703125 0.01953125 0.021875
1 0.1265625 0.52265625 0.0609375 0.0546875
1 0.2015625 0.48359375 0.0171875 0.0234375
1 0.2484375 0.503125 0.0234375 0.025
4 0.2515625 0.39921875 0.01953125 0.040625
8 0.25078125 0.39765625 0.01171875 0.03515625
1 0.31640625 0.50703125 0.0296875 0.0609375
1 0.3140625 0.5078125 0.021875 0.0546875
5 0.31328125 0.39375 0.0171875 0.046875
2 0.34453125 0.49296875 0.06875 0.11328125
5 0.3609375 0.39453125 0.021875 0.04296875
5 0.51953125 0.42890625 0.025 0.0546875