1 0.86015625 0.55078125 0.2796875 0.35
1 0.10859375 0.553125 0.2171875 0.2671875
1 0.28984375 0.48359375 0.05625 0.07421875
7 0.27265625 0.440625 0.0171875 0.025
1 0.29296875 0.48046875 0.053125 0.0546875
7 0.38203125 0.42265625 0.0140625 0.03125
5 0.44609375 0.36015625 0.015625 0.0390625
5 0.446875 0.365625 0.015625 0.0328125
5 0.5625 0.4171875 0.009375 0.0375
1 0.59375 0.48515625 0.0640625 0.053125
1 0.5921875 0.4828125 0.05859375 0.0546875
5 0.58125 0.421875 0.01171875 0.02734375
1 0.6546875 0.45703125 0.08984375 0.08203125
2 0.6640625 0.453125 0.0921875 0.0953125