1 0.09375 0.61015625 0.1875 0.2796875
1 0.08984375 0.60234375 0.1796875 0.2421875
1 0.19921875 0.54765625 0.15625 0.1890625
1 0.2203125 0.54375 0.11875 0.26171875
1 0.2890625 0.54765625 0.04296875 0.11875
1 0.403125 0.534375 0.078125 0.11875
1 0.4640625 0.53515625 0.0296875 0.07421875
1 0.4671875 0.5359375 0.03515625 0.0640625
1 0.48828125 0.540625 0.021875 0.0953125
1 0.509375 0.54296875 0.0296875 0.103125
1 0.56875 0.5453125 0.1171875 0.1546875
1 0.56953125 0.540625 0.1171875 0.1578125
1 0.7078125 0.50703125 0.1 0.109375
1 0.85234375 0.66484375 0.290625 0.4375