1 0.06953125 0.5890625 0.1390625 0.2875
2 0.16015625 0.475 0.06875 0.084375
1 0.165625 0.553125 0.053125 0.1015625
1 0.20703125 0.55 0.053125 0.0953125
1 0.28984375 0.53125 0.053125 0.0625
1 0.28984375 0.5359375 0.0453125 0.0546875
2 0.309375 0.5046875 0.05625 0.07421875
1 0.3234375 0.5125 0.0328125 0.09765625
1 0.40546875 0.5265625 0.0609375 0.0859375
1 0.4734375 0.51953125 0.040625 0.05078125
1 0.51484375 0.52421875 0.053125 0.0625
1 0.59453125 0.56171875 0.10546875 0.1890625
1 0.61640625 0.5578125 0.134375 0.1625
1 0.7640625 0.59765625 0.26953125 0.275