1 0.08984375 0.51953125 0.09765625 0.0953125
7 0.059375 0.43828125 0.01953125 0.04296875
8 0.0609375 0.45234375 0.0171875 0.0484375
1 0.1671875 0.5125 0.03515625 0.040625
1 0.2015625 0.503125 0.05078125 0.0546875
4 0.2140625 0.36640625 0.01953125 0.0546875
1 0.26640625 0.50859375 0.05078125 0.08984375
7 0.28046875 0.365625 0.01953125 0.046875
1 0.43359375 0.58515625 0.3140625 0.490625
7 0.578125 0.3609375 0.0328125 0.0609375
7 0.57734375 0.37578125 0.025 0.0859375
1 0.6390625 0.528125 0.1171875 0.1078125
1 0.64375 0.46875 0.06875 0.046875
3 0.7734375 0.5234375 0.0703125 0.1890625
3 0.7828125 0.5203125 0.03515625 0.14453125
1 0.903125 0.64453125 0.1890625 0.3109375