5 0.275 0.43828125 0.0171875 0.0390625
3 0.3578125 0.4671875 0.03515625 0.0375
3 0.409375 0.496875 0.021875 0.08203125
3 0.415625 0.4953125 0.01953125 0.0796875
6 0.44921875 0.41796875 0.015625 0.0390625
5 0.45 0.42265625 0.0171875 0.0328125
1 0.5515625 0.496875 0.03515625 0.0609375
1 0.5515625 0.49609375 0.025 0.03515625
5 0.60078125 0.4234375 0.0140625 0.040625
5 0.6046875 0.41875 0.01953125 0.03515625
1 0.7671875 0.48828125 0.09765625 0.05625
1 0.76953125 0.490625 0.0953125 0.046875
3 0.85234375 0.496875 0.0234375 0.1328125
3 0.8546875 0.5015625 0.025 0.13125