1 0.14921875 0.5875 0.2984375 0.3421875
2 0.27734375 0.471875 0.06875 0.1171875
1 0.35 0.4859375 0.0703125 0.09375
8 0.35546875 0.3375 0.0171875 0.053125
1 0.41015625 0.503125 0.06875 0.0625
5 0.440625 0.3515625 0.0140625 0.046875
1 0.4546875 0.49609375 0.04296875 0.0625
1 0.48046875 0.49140625 0.025 0.05078125
5 0.4921875 0.35078125 0.015625 0.0390625
1 0.51640625 0.4890625 0.0328125 0.040625
2 0.54765625 0.4703125 0.02734375 0.0484375
5 0.60234375 0.41796875 0.0171875 0.0453125
5 0.603125 0.421875 0.0140625 0.0375
1 0.65546875 0.52265625 0.08203125 0.1109375
5 0.64921875 0.39921875 0.021875 0.05078125
5 0.65 0.38984375 0.0171875 0.053125
1 0.740625 0.48515625 0.0859375 0.0484375