1 0.06328125 0.50703125 0.0375 0.053125
1 0.14921875 0.503125 0.0296875 0.05625
1 0.17265625 0.49921875 0.025 0.0625
1 0.20390625 0.496875 0.0453125 0.053125
1 0.20390625 0.49296875 0.0375 0.0609375
1 0.2453125 0.49140625 0.0328125 0.05078125
1 0.2921875 0.503125 0.0921875 0.1265625
1 0.35859375 0.484375 0.0328125 0.0546875
1 0.39453125 0.4921875 0.021875 0.0390625
1 0.46015625 0.4984375 0.03515625 0.046875
1 0.4828125 0.503125 0.01953125 0.05625
1 0.5 0.5046875 0.02734375 0.06640625
1 0.54375 0.51171875 0.06640625 0.0765625