1 0.096875 0.56953125 0.1015625 0.1171875
1 0.190625 0.553125 0.03515625 0.0453125
1 0.2453125 0.54765625 0.0921875 0.1109375
8 0.3609375 0.20234375 0.02734375 0.0765625
1 0.4015625 0.55859375 0.09765625 0.1234375
1 0.5265625 0.54296875 0.046875 0.15625
5 0.53125 0.24296875 0.02734375 0.0765625
1 0.615625 0.5640625 0.14453125 0.209375
5 0.66875 0.2875 0.03125 0.07421875
5 0.6703125 0.2765625 0.021875 0.0703125
3 0.68828125 0.53125 0.015625 0.06640625
1 0.853125 0.66796875 0.2890625 0.5171875
5 0.83671875 0.40625 0.0234375 0.05078125