2 0.0515625 0.52421875 0.1015625 0.109375
1 0.0859375 0.5859375 0.1265625 0.1859375
1 0.2953125 0.6 0.3125 0.4296875
4 0.31640625 0.3375 0.021875 0.0546875
4 0.41328125 0.32734375 0.025 0.05625
4 0.415625 0.3375 0.0171875 0.0546875
1 0.5015625 0.53515625 0.08984375 0.0640625
1 0.484375 0.51171875 0.015625 0.03125
4 0.4921875 0.3296875 0.02734375 0.0703125
4 0.49296875 0.3296875 0.0171875 0.046875
2 0.521875 0.50625 0.0296875 0.04296875
1 0.62890625 0.54296875 0.046875 0.1171875
1 0.796875 0.6234375 0.3734375 0.353125
4 0.6796875 0.4296875 0.01953125 0.05625
1 0.9421875 0.51953125 0.0796875 0.0609375
4 0.9359375 0.25859375 0.05078125 0.1484375
1 0.9484375 0.51953125 0.06875 0.0765625