1 0.17109375 0.4921875 0.05625 0.0546875
1 0.178125 0.4921875 0.05078125 0.0484375
1 0.21171875 0.49375 0.03515625 0.040625
1 0.25859375 0.46015625 0.08984375 0.13671875
2 0.25859375 0.46484375 0.0796875 0.13125
1 0.31171875 0.4875 0.115625 0.1484375
8 0.346875 0.3859375 0.0171875 0.03515625
1 0.38203125 0.49375 0.0296875 0.07421875
5 0.3984375 0.37890625 0.015625 0.03515625
1 0.471875 0.503125 0.0921875 0.12109375
5 0.43671875 0.384375 0.0140625 0.0375
0 0.534375 0.484375 0.025 0.0875
5 0.53515625 0.43828125 0.0140625 0.0296875
5 0.55078125 0.42109375 0.0171875 0.040625
1 0.78984375 0.48125 0.0640625 0.05625
1 0.796875 0.47734375 0.0546875 0.0640625
1 0.878125 0.48125 0.03515625 0.0390625