1 0.9109375 0.53515625 0.178125 0.24609375
3 0.01640625 0.559375 0.0328125 0.134375
3 0.0125 0.56640625 0.025 0.13125
1 0.121875 0.5515625 0.09765625 0.1078125
1 0.121875 0.55625 0.0765625 0.084375
1 0.2328125 0.54296875 0.084375 0.09375
1 0.28828125 0.525 0.021875 0.05078125
1 0.365625 0.51640625 0.04296875 0.0703125
1 0.4328125 0.51953125 0.05625 0.06875
1 0.4359375 0.51953125 0.046875 0.05859375
4 0.5828125 0.30859375 0.02734375 0.08984375
3 0.5875 0.51875 0.01953125 0.1265625
3 0.60234375 0.50859375 0.0171875 0.1265625
3 0.62109375 0.503125 0.02734375 0.13125
3 0.6265625 0.5171875 0.021875 0.11875