1 0.91328125 0.6125 0.1734375 0.50625
1 0.04375 0.6109375 0.0859375 0.2875
1 0.2265625 0.5140625 0.1015625 0.06640625
1 0.290625 0.5 0.0296875 0.05625
1 0.4171875 0.53515625 0.103125 0.140625
3 0.5109375 0.5109375 0.0171875 0.0859375
3 0.5140625 0.51484375 0.015625 0.078125
3 0.53046875 0.515625 0.01953125 0.078125
3 0.53515625 0.50703125 0.015625 0.07421875
3 0.59765625 0.5078125 0.021875 0.06875
3 0.615625 0.5046875 0.015625 0.08984375
3 0.6359375 0.503125 0.01171875 0.0875
3 0.6546875 0.503125 0.0140625 0.084375
3 0.78828125 0.52265625 0.040625 0.0953125