1 0.0609375 0.50703125 0.0703125 0.109375
1 0.17578125 0.478125 0.1859375 0.25
2 0.17890625 0.4828125 0.15234375 0.24375
4 0.1265625 0.16328125 0.01953125 0.06640625
8 0.13359375 0.1765625 0.025 0.084375
5 0.30078125 0.1765625 0.0328125 0.084375
5 0.3046875 0.196875 0.021875 0.0546875
1 0.321875 0.503125 0.02734375 0.05078125
1 0.3265625 0.50703125 0.02734375 0.0296875
1 0.37578125 0.50859375 0.09765625 0.13125
5 0.4234375 0.21171875 0.0328125 0.0765625
5 0.43125 0.1796875 0.025 0.0765625
1 0.51171875 0.53125 0.06875 0.0953125
1 0.5375 0.49140625 0.0390625 0.0625
5 0.69375 0.3359375 0.0296875 0.078125
5 0.69453125 0.35625 0.02734375 0.0625
1 0.8765625 0.5046875 0.06640625 0.05078125
1 0.878125 0.503125 0.0640625 0.078125