1 0.34296875 0.49609375 0.06640625 0.06875
1 0.34765625 0.49140625 0.0640625 0.04296875
1 0.44375 0.46953125 0.0484375 0.03125
1 0.5421875 0.4984375 0.05625 0.0703125
1 0.54296875 0.4921875 0.05078125 0.0546875
8 0.56328125 0.2390625 0.0234375 0.0625
8 0.56328125 0.2359375 0.0171875 0.0546875
5 0.67890625 0.2484375 0.021875 0.06640625
5 0.67890625 0.26484375 0.0171875 0.04296875
1 0.69609375 0.47734375 0.03515625 0.03515625
1 0.85546875 0.48515625 0.040625 0.05078125
1 0.8546875 0.490625 0.0328125 0.04296875
5 0.9734375 0.3859375 0.021875 0.03125
5 0.978125 0.375 0.01953125 0.06640625