1 0.08671875 0.60546875 0.1734375 0.34765625
1 0.26875 0.5546875 0.0546875 0.0609375
4 0.3109375 0.32421875 0.0140625 0.0484375
1 0.32734375 0.55390625 0.0171875 0.0234375
1 0.34453125 0.553125 0.0140625 0.025
1 0.36328125 0.55078125 0.03515625 0.0875
1 0.36640625 0.55 0.03515625 0.0765625
1 0.42109375 0.55078125 0.109375 0.1390625
4 0.42109375 0.32109375 0.0171875 0.0546875
1 0.475 0.55625 0.0375 0.1078125
4 0.509375 0.3203125 0.0171875 0.046875
1 0.553125 0.52734375 0.05859375 0.1015625
1 0.55390625 0.525 0.05078125 0.0765625
1 0.64453125 0.5609375 0.0703125 0.12109375
1 0.803125 0.63359375 0.35546875 0.3125
5 0.71953125 0.425 0.02734375 0.0703125
4 0.7203125 0.42265625 0.021875 0.05625
1 0.959375 0.54296875 0.071875 0.078125