3 0.61875 0.5171875 0.00625 0.0390625
3 0.6109375 0.51953125 0.0078125 0.0390625
3 0.60078125 0.51953125 0.0078125 0.0390625
3 0.103125 0.55 0.0140625 0.0546875
1 0.0625 0.54375 0.071875 0.0640625
1 0.2140625 0.53125 0.046875 0.05078125
1 0.41328125 0.559375 0.134375 0.171875
1 0.50390625 0.5203125 0.0375 0.040625
1 0.54609375 0.5125 0.040625 0.06875
2 0.54296875 0.51484375 0.03125 0.05078125
1 0.64765625 0.5375 0.0625 0.0703125
1 0.7296875 0.5265625 0.05859375 0.053125
1 0.78046875 0.525 0.078125 0.05859375
1 0.8875 0.53125 0.0296875 0.0390625
1 0.93359375 0.525 0.04296875 0.0546875