1 0.9609375 0.81640625 0.0765625 0.365625
3 0.071875 0.5546875 0.0234375 0.0765625
3 0.2015625 0.5609375 0.021875 0.13125
7 0.2265625 0.4390625 0.0171875 0.0484375
3 0.24609375 0.55625 0.021875 0.13671875
3 0.2484375 0.55390625 0.0234375 0.1328125
3 0.2671875 0.55390625 0.021875 0.12109375
3 0.2859375 0.54765625 0.01171875 0.11328125
3 0.28984375 0.55078125 0.015625 0.125
3 0.3078125 0.54765625 0.021875 0.1234375
3 0.3703125 0.55078125 0.021875 0.115625
3 0.3734375 0.5484375 0.009375 0.1078125
3 0.4328125 0.51953125 0.01953125 0.0953125
3 0.446875 0.546875 0.040625 0.1234375
3 0.4359375 0.5421875 0.0140625 0.1265625
1 0.49609375 0.52265625 0.0546875 0.0625
1 0.4953125 0.525 0.0453125 0.05625
7 0.54765625 0.41875 0.0171875 0.0546875
3 0.55625 0.51875 0.0140625 0.053125
1 0.61015625 0.56328125 0.0875 0.16015625
1 0.771875 0.61015625 0.33984375 0.28515625