4 0.0625 0.06953125 0.0875 0.134375
1 0.13203125 0.4859375 0.053125 0.05078125
1 0.19140625 0.52265625 0.146875 0.125
1 0.2765625 0.5 0.05078125 0.078125
1 0.4734375 0.49375 0.04296875 0.053125
4 0.571875 0.02734375 0.0296875 0.053125
7 0.565625 0.36328125 0.015625 0.046875
1 0.5921875 0.49375 0.05078125 0.0390625
1 0.65703125 0.50390625 0.11328125 0.05859375
7 0.653125 0.35859375 0.0171875 0.05078125
7 0.728125 0.41875 0.0140625 0.0484375
7 0.80078125 0.075 0.0296875 0.09375
1 0.8625 0.4890625 0.071875 0.0546875
1 0.92109375 0.4859375 0.103125 0.05625