3 0.01953125 0.5359375 0.03125 0.0921875
3 0.0203125 0.54375 0.0171875 0.1
3 0.05 0.54609375 0.0296875 0.1109375
1 0.13984375 0.55390625 0.15 0.1109375
5 0.1484375 0.390625 0.021875 0.0546875
4 0.14765625 0.3984375 0.0171875 0.0546875
1 0.37109375 0.5875 0.18125 0.203125
4 0.5328125 0.37421875 0.01953125 0.06875
0 0.753125 0.6578125 0.2328125 0.6703125
3 0.68125 0.534375 0.02734375 0.0953125
3 0.8453125 0.528125 0.046875 0.2015625
3 0.85078125 0.53515625 0.0484375 0.240625
3 0.87890625 0.53828125 0.0484375 0.1734375
3 0.8828125 0.5359375 0.040625 0.2125
3 0.9453125 0.5328125 0.05625 0.18359375
3 0.94453125 0.5375 0.04296875 0.1859375