1 0.04765625 0.5390625 0.0953125 0.16796875
1 0.1953125 0.53984375 0.203125 0.234375
8 0.253125 0.3375 0.0171875 0.046875
7 0.25390625 0.33203125 0.01953125 0.03125
1 0.48125 0.64765625 0.3921875 0.475
8 0.30859375 0.33203125 0.01953125 0.053125
1 0.31953125 0.49375 0.040625 0.04296875
7 0.3109375 0.325 0.01953125 0.03125
7 0.390625 0.3359375 0.015625 0.0453125
7 0.45 0.3328125 0.021875 0.046875
7 0.56953125 0.3921875 0.01953125 0.03515625
1 0.83203125 0.51484375 0.13125 0.16796875
1 0.8921875 0.48828125 0.053125 0.0796875