1 0.3046875 0.59296875 0.28515625 0.40234375
7 0.434375 0.46875 0.0140625 0.03515625
1 0.45 0.565625 0.0296875 0.1640625
1 0.5171875 0.509375 0.0328125 0.05078125
5 0.57421875 0.36640625 0.021875 0.05078125
5 0.575 0.38359375 0.0140625 0.05078125
1 0.6078125 0.5140625 0.0234375 0.0375
5 0.665625 0.44375 0.0140625 0.0375
5 0.6671875 0.45390625 0.009375 0.0390625
1 0.9484375 0.496875 0.09765625 0.06640625
5 0.91875 0.3734375 0.015625 0.046875
5 0.91875 0.38359375 0.01171875 0.05078125
1 0.95703125 0.490625 0.084375 0.08984375