1 0.95625 0.5328125 0.0859375 0.1953125
1 0.078125 0.5640625 0.1546875 0.2171875
1 0.353125 0.503125 0.071875 0.1
1 0.35546875 0.49609375 0.0765625 0.07421875
7 0.44609375 0.44140625 0.0234375 0.0703125
7 0.4484375 0.42578125 0.0171875 0.05078125
1 0.47578125 0.50078125 0.0546875 0.0546875
1 0.47578125 0.5109375 0.046875 0.0484375
1 0.5359375 0.490625 0.05859375 0.046875
1 0.540625 0.48515625 0.053125 0.046875
1 0.603125 0.4875 0.0609375 0.0453125
7 0.6078125 0.24921875 0.015625 0.040625
8 0.60859375 0.25 0.0140625 0.04296875
7 0.6359375 0.39453125 0.01953125 0.05078125
7 0.6359375 0.3921875 0.015625 0.0390625
1 0.63984375 0.50703125 0.021875 0.1
1 0.715625 0.51640625 0.1328125 0.1703125
7 0.6953125 0.378125 0.015625 0.0390625
7 0.696875 0.384375 0.0140625 0.0390625
7 0.71953125 0.28125 0.01953125 0.0484375
7 0.71875 0.275 0.0171875 0.040625
7 0.75078125 0.42265625 0.009375 0.0296875
1 0.79765625 0.496875 0.084375 0.1078125
1 0.796875 0.490625 0.0453125 0.109375
1 0.8734375 0.52265625 0.134375 0.13125
1 0.865625 0.51484375 0.09765625 0.15234375
7 0.853125 0.38359375 0.01953125 0.05078125
7 0.85234375 0.37578125 0.015625 0.040625
3 0.9921875 0.5109375 0.0140625 0.078125