0 0.025 0.54609375 0.021875 0.0875
0 0.0546875 0.5453125 0.0234375 0.084375
1 0.23125 0.525 0.05625 0.046875
1 0.22578125 0.5265625 0.04296875 0.04296875
1 0.27265625 0.515625 0.0375 0.03125
1 0.29609375 0.5203125 0.03125 0.0390625
1 0.384375 0.521875 0.0296875 0.0375
2 0.3921875 0.50078125 0.0390625 0.05859375
1 0.4328125 0.509375 0.0296875 0.040625
2 0.47734375 0.496875 0.03515625 0.0796875
1 0.5015625 0.5265625 0.05625 0.06640625
1 0.628125 0.54375 0.178125 0.22265625
3 0.68671875 0.4859375 0.01953125 0.040625
3 0.69453125 0.4734375 0.021875 0.040625
3 0.73046875 0.51953125 0.0234375 0.12109375
3 0.7609375 0.52265625 0.02734375 0.115625