1 0.0671875 0.621875 0.134375 0.365625
1 0.17109375 0.53984375 0.046875 0.05078125
1 0.33125 0.6625 0.3265625 0.4203125
4 0.27734375 0.28046875 0.025 0.06640625
4 0.3890625 0.2859375 0.025 0.0765625
3 0.4875 0.525 0.021875 0.06875
4 0.56328125 0.41484375 0.02734375 0.078125
3 0.56171875 0.51953125 0.021875 0.07421875
3 0.575 0.5203125 0.0171875 0.08203125
3 0.58671875 0.52265625 0.01953125 0.08203125
3 0.6046875 0.52265625 0.025 0.0921875
0 0.6265625 0.52734375 0.0328125 0.0921875
0 0.6546875 0.5265625 0.0328125 0.08984375
3 0.68671875 0.525 0.021875 0.0875
3 0.7015625 0.528125 0.025 0.0875
3 0.725 0.521875 0.021875 0.0875
3 0.76875 0.51953125 0.03125 0.1171875
1 0.95 0.51953125 0.0953125 0.084375