1 0.021875 0.5859375 0.04296875 0.125
1 0.8921875 0.609375 0.2125 0.4390625
1 0.096875 0.56171875 0.1109375 0.12109375
1 0.178125 0.5578125 0.0625 0.0859375
1 0.17890625 0.55859375 0.0609375 0.078125
1 0.21484375 0.55546875 0.04296875 0.08203125
1 0.24140625 0.5515625 0.0390625 0.0703125
1 0.271875 0.5421875 0.040625 0.0703125
1 0.3875 0.5328125 0.0453125 0.040625
1 0.4234375 0.52265625 0.0328125 0.0484375
1 0.56953125 0.5375 0.04296875 0.0921875
1 0.61640625 0.55 0.0875 0.103125
1 0.71953125 0.58203125 0.1421875 0.22265625