2 0.028125 0.4625 0.05625 0.14453125
1 0.2234375 0.49609375 0.02734375 0.0546875
1 0.278125 0.4953125 0.1234375 0.1078125
1 0.35078125 0.4859375 0.02734375 0.04296875
4 0.3859375 0.2734375 0.025 0.0625
1 0.41015625 0.48515625 0.0296875 0.0375
1 0.4890625 0.48515625 0.0328125 0.0390625
5 0.54296875 0.3 0.021875 0.046875
1 0.5609375 0.4984375 0.05625 0.053125
5 0.54375 0.28125 0.0171875 0.0625
5 0.65546875 0.378125 0.01953125 0.05078125
5 0.6546875 0.3921875 0.015625 0.0296875
1 0.83984375 0.5890625 0.31875 0.321875
1 0.9625 0.48046875 0.071875 0.12890625
5 0.98515625 0.2296875 0.02734375 0.09765625