1 0.91796875 0.478125 0.1640625 0.13671875
1 0.91875 0.6859375 0.1578125 0.390625
1 0.028125 0.50859375 0.0546875 0.05625
7 0.190625 0.4046875 0.01953125 0.0484375
1 0.24375 0.4953125 0.0765625 0.084375
5 0.23046875 0.4125 0.0171875 0.0375
5 0.284375 0.45703125 0.015625 0.040625
1 0.38671875 0.48515625 0.03515625 0.05078125
1 0.4109375 0.4890625 0.05625 0.0765625
5 0.46015625 0.44453125 0.01953125 0.0390625
5 0.4578125 0.44453125 0.01171875 0.0296875
1 0.50625 0.48515625 0.0484375 0.0625
1 0.54765625 0.4953125 0.02734375 0.0609375
1 0.5734375 0.5015625 0.0296875 0.0703125
1 0.60625 0.50859375 0.071875 0.0953125
1 0.6109375 0.50859375 0.06875 0.0796875
1 0.7453125 0.5390625 0.19375 0.271875