1 0.096875 0.37421875 0.1890625 0.12890625
1 0.14765625 0.5453125 0.29296875 0.2828125
1 0.2765625 0.4625 0.0328125 0.05078125
2 0.3296875 0.434375 0.084375 0.1234375
7 0.36875 0.39375 0.01953125 0.0328125
1 0.390625 0.45703125 0.0453125 0.06640625
7 0.39453125 0.396875 0.015625 0.02734375
1 0.43125 0.4734375 0.03125 0.04296875
7 0.43359375 0.38671875 0.015625 0.03125
7 0.4546875 0.396875 0.015625 0.0375
1 0.48125 0.4734375 0.040625 0.046875
7 0.51171875 0.42265625 0.0140625 0.02734375
1 0.88359375 0.46796875 0.0953125 0.0625
1 0.93828125 0.4609375 0.0453125 0.06640625