0 0.03125 0.54609375 0.0625 0.2203125
0 0.0375 0.5515625 0.0453125 0.08984375
3 0.0421875 0.54765625 0.0296875 0.084375
3 0.040625 0.55 0.021875 0.07421875
3 0.08125 0.5515625 0.0171875 0.078125
1 0.3296875 0.65234375 0.3296875 0.415625
8 0.28046875 0.275 0.01953125 0.0625
7 0.38984375 0.2875 0.0171875 0.0703125
3 0.5234375 0.52421875 0.0140625 0.0546875
1 0.596875 0.53125 0.15 0.0921875
7 0.5625 0.4078125 0.021875 0.0640625
0 0.6609375 0.52421875 0.0296875 0.0859375
0 0.778125 0.5265625 0.0625 0.09765625
0 0.86015625 0.521875 0.06640625 0.09375