1 0.03046875 0.54375 0.0609375 0.0609375
1 0.084375 0.56171875 0.0640625 0.078125
1 0.121875 0.546875 0.03515625 0.040625
1 0.12421875 0.5453125 0.02734375 0.04296875
1 0.1796875 0.5546875 0.12109375 0.14453125
1 0.24296875 0.52421875 0.0375 0.0546875
1 0.3953125 0.5453125 0.06875 0.08984375
1 0.4953125 0.5375 0.0609375 0.1171875
1 0.57109375 0.5453125 0.1234375 0.14453125
5 0.57109375 0.13984375 0.0375 0.0765625
1 0.73828125 0.590625 0.28515625 0.28125
5 0.76640625 0.18671875 0.0296875 0.078125
5 0.76953125 0.196875 0.03125 0.0765625
1 0.86640625 0.546875 0.109375 0.1640625