1 0.8796875 0.58984375 0.23828125 0.2828125
1 0.109375 0.4609375 0.13671875 0.17578125
2 0.1125 0.45703125 0.1328125 0.165625
1 0.24375 0.54765625 0.196875 0.2109375
8 0.28125 0.28515625 0.0171875 0.053125
1 0.35234375 0.48515625 0.0546875 0.06875
9 0.38671875 0.2953125 0.0140625 0.046875
1 0.4140625 0.49375 0.06875 0.0625
1 0.39453125 0.4796875 0.02734375 0.0546875
9 0.459375 0.3125 0.0296875 0.05859375
1 0.49140625 0.48046875 0.0328125 0.040625
2 0.53515625 0.4640625 0.03515625 0.05859375
9 0.6078125 0.396875 0.0140625 0.0375
9 0.6109375 0.39375 0.0171875 0.053125
1 0.69453125 0.51953125 0.1265625 0.165625
9 0.709375 0.3328125 0.025 0.0796875
9 0.71015625 0.32890625 0.025 0.0640625
1 0.803125 0.48125 0.10546875 0.0609375