1 0.0421875 0.5 0.0609375 0.07421875
1 0.17109375 0.528125 0.2265625 0.27734375
1 0.1734375 0.52265625 0.19921875 0.209375
1 0.2828125 0.4890625 0.03515625 0.03515625
1 0.3328125 0.48515625 0.03125 0.03125
1 0.3828125 0.4875 0.03125 0.053125
1 0.434375 0.4859375 0.0328125 0.04296875
1 0.434375 0.49296875 0.03125 0.046875
1 0.5046875 0.4921875 0.040625 0.0546875
1 0.55390625 0.50390625 0.0765625 0.1015625
1 0.54296875 0.51484375 0.053125 0.1109375
1 0.58515625 0.53125 0.05859375 0.1625
1 0.60546875 0.51484375 0.07421875 0.1484375
1 0.7140625 0.55 0.2203125 0.26953125