1 0.94140625 0.55625 0.1171875 0.13671875
1 0.078125 0.5515625 0.08984375 0.0609375
1 0.23828125 0.55390625 0.03515625 0.0640625
1 0.2734375 0.565625 0.0953125 0.1
1 0.33671875 0.55859375 0.0609375 0.084375
1 0.33671875 0.55390625 0.05625 0.0796875
8 0.3546875 0.1859375 0.0328125 0.0921875
8 0.353125 0.1796875 0.025 0.078125
1 0.37421875 0.55390625 0.046875 0.05859375
1 0.38203125 0.5546875 0.04296875 0.07421875
1 0.5046875 0.5234375 0.06875 0.12109375
2 0.50078125 0.5203125 0.05625 0.1109375
5 0.5203125 0.165625 0.0328125 0.109375
5 0.521875 0.1609375 0.03125 0.0875
1 0.55390625 0.5359375 0.0453125 0.05859375
0 0.64453125 0.54609375 0.025 0.1
5 0.7796875 0.3625 0.0328125 0.1
5 0.7796875 0.3671875 0.01953125 0.05859375