1 0.0109375 0.55 0.021875 0.078125
1 0.065625 0.53828125 0.115625 0.1265625
3 0.12109375 0.54296875 0.0453125 0.1328125
3 0.1265625 0.5453125 0.0328125 0.13125
1 0.13984375 0.52421875 0.03125 0.0390625
3 0.1875 0.52421875 0.021875 0.05859375
1 0.23828125 0.51484375 0.03515625 0.05078125
1 0.2390625 0.51640625 0.025 0.0375
1 0.315625 0.5328125 0.0765625 0.1109375
3 0.30859375 0.5515625 0.0453125 0.15
7 0.41484375 0.3375 0.025 0.084375
3 0.63203125 0.53046875 0.03125 0.15625
3 0.68671875 0.50859375 0.03515625 0.134375
3 0.7359375 0.51171875 0.03515625 0.15