3 0.0125 0.54765625 0.021875 0.0953125
3 0.04609375 0.54765625 0.021875 0.0953125
3 0.04375 0.5484375 0.0171875 0.0921875
3 0.06875 0.54609375 0.0171875 0.1015625
1 0.1265625 0.55546875 0.078125 0.08203125
1 0.22734375 0.5453125 0.084375 0.09375
1 0.28203125 0.5296875 0.03125 0.0640625
1 0.309375 0.51953125 0.0296875 0.0640625
1 0.35546875 0.51875 0.0484375 0.07421875
1 0.4359375 0.521875 0.0484375 0.053125
3 0.51171875 0.4984375 0.01171875 0.0796875
3 0.528125 0.503125 0.0140625 0.08203125
3 0.5421875 0.50859375 0.01171875 0.06875
4 0.58203125 0.31328125 0.025 0.0953125
1 0.8703125 0.5015625 0.25625 0.19921875
3 0.98515625 0.478125 0.025 0.15625